OTHEEmissions
         167 2016-05-11_00:00:00, WND
6426118   1  5.1177E+01  5.1177E+01  5.1177E+01  5.1177E+01  5.1177E+01  5.1177E+01  5.1177E+01  5.1177E+01  5.1177E+01  5.1177E+01  5.1177E+01  5.1177E+01  5.1177E+01  5.1177E+01  5.1177E+01  5.1177E+01  5.1177E+01  5.1177E+01  5.1177E+01  5.1177E+01  5.1177E+01  5.1177E+01  5.1177E+01  5.1177E+01   2
6419754   1  9.7513E-01  9.7513E-01  9.7513E-01  9.7513E-01  9.7513E-01  9.7513E-01  9.7513E-01  9.7513E-01  9.7513E-01  9.7513E-01  9.7513E-01  9.7513E-01  9.7513E-01  9.7513E-01  9.7513E-01  9.7513E-01  9.7513E-01  9.7513E-01  9.7513E-01  9.7513E-01  9.7513E-01  9.7513E-01  9.7513E-01  9.7513E-01   2
6441990   1  1.3893E+02  1.3893E+02  1.3893E+02  1.3893E+02  1.3893E+02  1.3893E+02  1.3893E+02  1.3893E+02  1.3893E+02  1.3893E+02  1.3893E+02  1.3893E+02  1.3893E+02  1.3893E+02  1.3893E+02  1.3893E+02  1.3893E+02  1.3893E+02  1.3893E+02  1.3893E+02  1.3893E+02  1.3893E+02  1.3893E+02  1.3893E+02   2
6426087   1  2.6588E+02  2.6588E+02  2.6588E+02  2.6588E+02  2.6588E+02  2.6588E+02  2.6588E+02  2.6588E+02  2.6588E+02  2.6588E+02  2.6588E+02  2.6588E+02  2.6588E+02  2.6588E+02  2.6588E+02  2.6588E+02  2.6588E+02  2.6588E+02  2.6588E+02  2.6588E+02  2.6588E+02  2.6588E+02  2.6588E+02  2.6588E+02   2
6391124   1  1.8649E+04  1.8649E+04  1.8649E+04  1.8649E+04  1.8649E+04  1.8649E+04  1.8649E+04  1.8649E+04  1.8649E+04  1.8649E+04  1.8649E+04  1.8649E+04  1.8649E+04  1.8649E+04  1.8649E+04  1.8649E+04  1.8649E+04  1.8649E+04  1.8649E+04  1.8649E+04  1.8649E+04  1.8649E+04  1.8649E+04  1.8649E+04   2
6445165   1  3.1431E-02  3.0128E-02  2.5149E-02  1.9351E-02  1.5208E-02  1.2901E-02  1.1717E-02  1.1007E-02  1.0769E-02  1.1065E-02  1.2427E-02  1.4794E-02  1.8404E-02  2.2951E-02  2.7638E-02  3.1237E-02  3.3785E-02  3.5749E-02  3.6683E-02  3.7344E-02  3.7577E-02  3.6916E-02  3.5146E-02  3.2423E-02   2
6416566   1  5.5273E-01  5.2972E-01  4.4229E-01  3.4043E-01  2.6741E-01  2.2690E-01  2.0609E-01  1.9360E-01  1.8944E-01  1.9464E-01  2.1857E-01  2.6011E-01  3.2363E-01  4.0378E-01  4.8610E-01  5.4962E-01  5.9434E-01  6.2867E-01  6.4528E-01  6.5678E-01  6.6098E-01  6.4948E-01  6.1825E-01  5.7043E-01   2
6422914   1  3.7571E+01  3.7468E+01  3.7073E+01  3.6613E+01  3.6284E+01  3.6101E+01  3.6007E+01  3.5950E+01  3.5932E+01  3.5955E+01  3.6063E+01  3.6251E+01  3.6537E+01  3.6899E+01  3.7270E+01  3.7557E+01  3.7758E+01  3.7914E+01  3.7989E+01  3.8040E+01  3.8059E+01  3.8007E+01  3.7866E+01  3.7651E+01   2
6429274   1  1.4185E+02  1.4185E+02  1.4184E+02  1.4182E+02  1.4181E+02  1.4180E+02  1.4180E+02  1.4180E+02  1.4180E+02  1.4180E+02  1.4180E+02  1.4181E+02  1.4182E+02  1.4183E+02  1.4184E+02  1.4185E+02  1.4186E+02  1.4186E+02  1.4187E+02  1.4187E+02  1.4187E+02  1.4187E+02  1.4186E+02  1.4186E+02   2
6391125   1  1.8478E-02  1.8478E-02  1.8478E-02  1.8478E-02  1.8478E-02  1.8478E-02  1.8478E-02  1.8478E-02  1.8478E-02  1.8478E-02  1.8478E-02  1.8478E-02  1.8478E-02  1.8478E-02  1.8478E-02  1.8478E-02  1.8478E-02  1.8478E-02  1.8478E-02  1.8478E-02  1.8478E-02  1.8478E-02  1.8478E-02  1.8478E-02   2
6448343   1  6.8686E+01  6.8682E+01  6.8668E+01  6.8652E+01  6.8640E+01  6.8633E+01  6.8630E+01  6.8628E+01  6.8627E+01  6.8628E+01  6.8632E+01  6.8639E+01  6.8649E+01  6.8662E+01  6.8675E+01  6.8685E+01  6.8692E+01  6.8698E+01  6.8700E+01  6.8702E+01  6.8703E+01  6.8701E+01  6.8696E+01  6.8688E+01   2
6416565   1  1.1485E+02  1.1485E+02  1.1485E+02  1.1485E+02  1.1485E+02  1.1485E+02  1.1485E+02  1.1485E+02  1.1485E+02  1.1485E+02  1.1485E+02  1.1485E+02  1.1485E+02  1.1485E+02  1.1485E+02  1.1485E+02  1.1485E+02  1.1485E+02  1.1485E+02  1.1485E+02  1.1485E+02  1.1485E+02  1.1485E+02  1.1485E+02   2
6445174   1  1.9503E+00  1.9503E+00  1.9503E+00  1.9503E+00  1.9503E+00  1.9503E+00  1.9503E+00  1.9503E+00  1.9503E+00  1.9503E+00  1.9503E+00  1.9503E+00  1.9503E+00  1.9503E+00  1.9503E+00  1.9503E+00  1.9503E+00  1.9503E+00  1.9503E+00  1.9503E+00  1.9503E+00  1.9503E+00  1.9503E+00  1.9503E+00   2
6410197   3  2.5648E+01  2.4584E+01  2.0527E+01  1.5793E+01  1.2413E+01  1.0528E+01  9.5628E+00  8.9829E+00  8.7897E+00  9.0318E+00  1.0143E+01  1.2074E+01  1.5020E+01  1.8739E+01  2.2555E+01  2.5502E+01  2.7577E+01  2.9170E+01  2.9946E+01  3.0477E+01  3.0670E+01  3.0137E+01  2.8686E+01  2.6465E+01   4
6413390   3  1.0039E+03  1.0039E+03  1.0039E+03  1.0039E+03  1.0039E+03  1.0039E+03  1.0039E+03  1.0039E+03  1.0039E+03  1.0039E+03  1.0039E+03  1.0039E+03  1.0039E+03  1.0039E+03  1.0039E+03  1.0039E+03  1.0039E+03  1.0039E+03  1.0039E+03  1.0039E+03  1.0039E+03  1.0039E+03  1.0039E+03  1.0039E+03   4
6445167   7  2.1747E+03  2.1747E+03  2.1747E+03  2.1747E+03  2.1747E+03  2.1747E+03  2.1747E+03  2.1747E+03  2.1747E+03  2.1747E+03  2.1747E+03  2.1747E+03  2.1747E+03  2.1747E+03  2.1747E+03  2.1747E+03  2.1747E+03  2.1747E+03  2.1747E+03  2.1747E+03  2.1747E+03  2.1747E+03  2.1747E+03  2.1747E+03   8
6441989   3  2.3423E+02  2.2446E+02  1.8746E+02  1.4421E+02  1.1335E+02  9.6154E+01  8.7335E+01  8.2033E+01  8.0274E+01  8.2476E+01  9.2624E+01  1.1026E+02  1.3718E+02  1.7118E+02  2.0596E+02  2.3293E+02  2.5182E+02  2.6641E+02  2.7344E+02  2.7826E+02  2.8009E+02  2.7527E+02  2.6198E+02  2.4166E+02   4
6429268   1  1.0173E+01  1.0173E+01  1.0173E+01  1.0173E+01  1.0173E+01  1.0173E+01  1.0173E+01  1.0173E+01  1.0173E+01  1.0173E+01  1.0173E+01  1.0173E+01  1.0173E+01  1.0173E+01  1.0173E+01  1.0173E+01  1.0173E+01  1.0173E+01  1.0173E+01  1.0173E+01  1.0173E+01  1.0173E+01  1.0173E+01  1.0173E+01   2
6429278   2  3.1480E+02  3.1480E+02  3.1480E+02  3.1480E+02  3.1480E+02  3.1480E+02  3.1480E+02  3.1480E+02  3.1480E+02  3.1480E+02  3.1480E+02  3.1480E+02  3.1480E+02  3.1480E+02  3.1480E+02  3.1480E+02  3.1480E+02  3.1480E+02  3.1480E+02  3.1480E+02  3.1480E+02  3.1480E+02  3.1480E+02  3.1480E+02   3
6426100   3  1.9873E+01  1.9873E+01  1.9873E+01  1.9873E+01  1.9873E+01  1.9873E+01  1.9873E+01  1.9873E+01  1.9873E+01  1.9873E+01  1.9873E+01  1.9873E+01  1.9873E+01  1.9873E+01  1.9873E+01  1.9873E+01  1.9873E+01  1.9873E+01  1.9873E+01  1.9873E+01  1.9873E+01  1.9873E+01  1.9873E+01  1.9873E+01   4
6419743   2  2.7619E+03  2.7619E+03  2.7619E+03  2.7619E+03  2.7619E+03  2.7619E+03  2.7619E+03  2.7619E+03  2.7619E+03  2.7619E+03  2.7619E+03  2.7619E+03  2.7619E+03  2.7619E+03  2.7619E+03  2.7619E+03  2.7619E+03  2.7619E+03  2.7619E+03  2.7619E+03  2.7619E+03  2.7619E+03  2.7619E+03  2.7619E+03   3
6422921   3  4.0885E+02  4.0885E+02  4.0885E+02  4.0885E+02  4.0885E+02  4.0885E+02  4.0885E+02  4.0885E+02  4.0885E+02  4.0885E+02  4.0885E+02  4.0885E+02  4.0885E+02  4.0885E+02  4.0885E+02  4.0885E+02  4.0885E+02  4.0885E+02  4.0885E+02  4.0885E+02  4.0885E+02  4.0885E+02  4.0885E+02  4.0885E+02   4
6416559   3  1.8966E+01  1.8966E+01  1.8966E+01  1.8966E+01  1.8966E+01  1.8966E+01  1.8966E+01  1.8966E+01  1.8966E+01  1.8966E+01  1.8966E+01  1.8966E+01  1.8966E+01  1.8966E+01  1.8966E+01  1.8966E+01  1.8966E+01  1.8966E+01  1.8966E+01  1.8966E+01  1.8966E+01  1.8966E+01  1.8966E+01  1.8966E+01   4
6426088   2  9.8576E+00  9.8576E+00  9.8576E+00  9.8576E+00  9.8576E+00  9.8576E+00  9.8576E+00  9.8576E+00  9.8576E+00  9.8576E+00  9.8576E+00  9.8576E+00  9.8576E+00  9.8576E+00  9.8576E+00  9.8576E+00  9.8576E+00  9.8576E+00  9.8576E+00  9.8576E+00  9.8576E+00  9.8576E+00  9.8576E+00  9.8576E+00   3
6429265   2  9.9854E-02  9.9854E-02  9.9854E-02  9.9854E-02  9.9854E-02  9.9854E-02  9.9854E-02  9.9854E-02  9.9854E-02  9.9854E-02  9.9854E-02  9.9854E-02  9.9854E-02  9.9854E-02  9.9854E-02  9.9854E-02  9.9854E-02  9.9854E-02  9.9854E-02  9.9854E-02  9.9854E-02  9.9854E-02  9.9854E-02  9.9854E-02   3
6419737   2  3.2444E+00  3.2444E+00  3.2444E+00  3.2444E+00  3.2444E+00  3.2444E+00  3.2444E+00  3.2444E+00  3.2444E+00  3.2444E+00  3.2444E+00  3.2444E+00  3.2444E+00  3.2444E+00  3.2444E+00  3.2444E+00  3.2444E+00  3.2444E+00  3.2444E+00  3.2444E+00  3.2444E+00  3.2444E+00  3.2444E+00  3.2444E+00   3
6438804   1  5.1733E+01  5.1733E+01  5.1733E+01  5.1733E+01  5.1733E+01  5.1733E+01  5.1733E+01  5.1733E+01  5.1733E+01  5.1733E+01  5.1733E+01  5.1733E+01  5.1733E+01  5.1733E+01  5.1733E+01  5.1733E+01  5.1733E+01  5.1733E+01  5.1733E+01  5.1733E+01  5.1733E+01  5.1733E+01  5.1733E+01  5.1733E+01   2
6426090   1  2.7153E+01  2.7153E+01  2.7153E+01  2.7153E+01  2.7153E+01  2.7153E+01  2.7153E+01  2.7153E+01  2.7153E+01  2.7153E+01  2.7153E+01  2.7153E+01  2.7153E+01  2.7153E+01  2.7153E+01  2.7153E+01  2.7153E+01  2.7153E+01  2.7153E+01  2.7153E+01  2.7153E+01  2.7153E+01  2.7153E+01  2.7153E+01   2
6426096   2  1.0294E+02  1.0294E+02  1.0294E+02  1.0294E+02  1.0294E+02  1.0294E+02  1.0294E+02  1.0294E+02  1.0294E+02  1.0294E+02  1.0294E+02  1.0294E+02  1.0294E+02  1.0294E+02  1.0294E+02  1.0294E+02  1.0294E+02  1.0294E+02  1.0294E+02  1.0294E+02  1.0294E+02  1.0294E+02  1.0294E+02  1.0294E+02   3
6426089   1  6.4991E+03  6.4991E+03  6.4991E+03  6.4991E+03  6.4991E+03  6.4991E+03  6.4991E+03  6.4991E+03  6.4991E+03  6.4991E+03  6.4991E+03  6.4991E+03  6.4991E+03  6.4991E+03  6.4991E+03  6.4991E+03  6.4991E+03  6.4991E+03  6.4991E+03  6.4991E+03  6.4991E+03  6.4991E+03  6.4991E+03  6.4991E+03   2
6419741   2  6.0364E+01  6.0364E+01  6.0364E+01  6.0364E+01  6.0364E+01  6.0364E+01  6.0364E+01  6.0364E+01  6.0364E+01  6.0364E+01  6.0364E+01  6.0364E+01  6.0364E+01  6.0364E+01  6.0364E+01  6.0364E+01  6.0364E+01  6.0364E+01  6.0364E+01  6.0364E+01  6.0364E+01  6.0364E+01  6.0364E+01  6.0364E+01   3
6422920   2  2.7530E+02  2.7530E+02  2.7530E+02  2.7530E+02  2.7530E+02  2.7530E+02  2.7530E+02  2.7530E+02  2.7530E+02  2.7530E+02  2.7530E+02  2.7530E+02  2.7530E+02  2.7530E+02  2.7530E+02  2.7530E+02  2.7530E+02  2.7530E+02  2.7530E+02  2.7530E+02  2.7530E+02  2.7530E+02  2.7530E+02  2.7530E+02   3
6445168   3  4.4790E+01  4.4790E+01  4.4790E+01  4.4790E+01  4.4790E+01  4.4790E+01  4.4790E+01  4.4790E+01  4.4790E+01  4.4790E+01  4.4790E+01  4.4790E+01  4.4790E+01  4.4790E+01  4.4790E+01  4.4790E+01  4.4790E+01  4.4790E+01  4.4790E+01  4.4790E+01  4.4790E+01  4.4790E+01  4.4790E+01  4.4790E+01   4
6441985   2  2.2560E+01  2.2560E+01  2.2560E+01  2.2560E+01  2.2560E+01  2.2560E+01  2.2560E+01  2.2560E+01  2.2560E+01  2.2560E+01  2.2560E+01  2.2560E+01  2.2560E+01  2.2560E+01  2.2560E+01  2.2560E+01  2.2560E+01  2.2560E+01  2.2560E+01  2.2560E+01  2.2560E+01  2.2560E+01  2.2560E+01  2.2560E+01   3
6426098   2  9.9190E+01  9.9190E+01  9.9190E+01  9.9190E+01  9.9190E+01  9.9190E+01  9.9190E+01  9.9190E+01  9.9190E+01  9.9190E+01  9.9190E+01  9.9190E+01  9.9190E+01  9.9190E+01  9.9190E+01  9.9190E+01  9.9190E+01  9.9190E+01  9.9190E+01  9.9190E+01  9.9190E+01  9.9190E+01  9.9190E+01  9.9190E+01   3
6435629   4  3.3279E-01  3.3279E-01  3.3279E-01  3.3279E-01  3.3279E-01  3.3279E-01  3.3279E-01  3.3279E-01  3.3279E-01  3.3279E-01  3.3279E-01  3.3279E-01  3.3279E-01  3.3279E-01  3.3279E-01  3.3279E-01  3.3279E-01  3.3279E-01  3.3279E-01  3.3279E-01  3.3279E-01  3.3279E-01  3.3279E-01  3.3279E-01   5
6419742   2  2.9692E+02  2.9692E+02  2.9692E+02  2.9692E+02  2.9692E+02  2.9692E+02  2.9692E+02  2.9692E+02  2.9692E+02  2.9692E+02  2.9692E+02  2.9692E+02  2.9692E+02  2.9692E+02  2.9692E+02  2.9692E+02  2.9692E+02  2.9692E+02  2.9692E+02  2.9692E+02  2.9692E+02  2.9692E+02  2.9692E+02  2.9692E+02   3
6422918   2  1.4012E+01  1.4012E+01  1.4012E+01  1.4012E+01  1.4012E+01  1.4012E+01  1.4012E+01  1.4012E+01  1.4012E+01  1.4012E+01  1.4012E+01  1.4012E+01  1.4012E+01  1.4012E+01  1.4012E+01  1.4012E+01  1.4012E+01  1.4012E+01  1.4012E+01  1.4012E+01  1.4012E+01  1.4012E+01  1.4012E+01  1.4012E+01   3
6432451   3  5.3329E+02  5.3329E+02  5.3329E+02  5.3329E+02  5.3329E+02  5.3329E+02  5.3329E+02  5.3329E+02  5.3329E+02  5.3329E+02  5.3329E+02  5.3329E+02  5.3329E+02  5.3329E+02  5.3329E+02  5.3329E+02  5.3329E+02  5.3329E+02  5.3329E+02  5.3329E+02  5.3329E+02  5.3329E+02  5.3329E+02  5.3329E+02   4
6416576   5  1.6614E+00  1.6614E+00  1.6614E+00  1.6614E+00  1.6614E+00  1.6614E+00  1.6614E+00  1.6614E+00  1.6614E+00  1.6614E+00  1.6614E+00  1.6614E+00  1.6614E+00  1.6614E+00  1.6614E+00  1.6614E+00  1.6614E+00  1.6614E+00  1.6614E+00  1.6614E+00  1.6614E+00  1.6614E+00  1.6614E+00  1.6614E+00   6
6435627   5  3.5614E+02  3.5614E+02  3.5614E+02  3.5614E+02  3.5614E+02  3.5614E+02  3.5614E+02  3.5614E+02  3.5614E+02  3.5614E+02  3.5614E+02  3.5614E+02  3.5614E+02  3.5614E+02  3.5614E+02  3.5614E+02  3.5614E+02  3.5614E+02  3.5614E+02  3.5614E+02  3.5614E+02  3.5614E+02  3.5614E+02  3.5614E+02   6
6435617   2  1.7253E+01  1.7253E+01  1.7253E+01  1.7253E+01  1.7253E+01  1.7253E+01  1.7253E+01  1.7253E+01  1.7253E+01  1.7253E+01  1.7253E+01  1.7253E+01  1.7253E+01  1.7253E+01  1.7253E+01  1.7253E+01  1.7253E+01  1.7253E+01  1.7253E+01  1.7253E+01  1.7253E+01  1.7253E+01  1.7253E+01  1.7253E+01   3
6429288   4  3.3807E+01  3.3807E+01  3.3807E+01  3.3807E+01  3.3807E+01  3.3807E+01  3.3807E+01  3.3807E+01  3.3807E+01  3.3807E+01  3.3807E+01  3.3807E+01  3.3807E+01  3.3807E+01  3.3807E+01  3.3807E+01  3.3807E+01  3.3807E+01  3.3807E+01  3.3807E+01  3.3807E+01  3.3807E+01  3.3807E+01  3.3807E+01   5
6445154   3  3.9311E+01  3.9311E+01  3.9311E+01  3.9311E+01  3.9311E+01  3.9311E+01  3.9311E+01  3.9311E+01  3.9311E+01  3.9311E+01  3.9311E+01  3.9311E+01  3.9311E+01  3.9311E+01  3.9311E+01  3.9311E+01  3.9311E+01  3.9311E+01  3.9311E+01  3.9311E+01  3.9311E+01  3.9311E+01  3.9311E+01  3.9311E+01   4
6400661   5  2.0516E+01  2.0516E+01  2.0516E+01  2.0516E+01  2.0516E+01  2.0516E+01  2.0516E+01  2.0516E+01  2.0516E+01  2.0516E+01  2.0516E+01  2.0516E+01  2.0516E+01  2.0516E+01  2.0516E+01  2.0516E+01  2.0516E+01  2.0516E+01  2.0516E+01  2.0516E+01  2.0516E+01  2.0516E+01  2.0516E+01  2.0516E+01   6
6441978   3  2.3762E-01  2.3762E-01  2.3762E-01  2.3762E-01  2.3762E-01  2.3762E-01  2.3762E-01  2.3762E-01  2.3762E-01  2.3762E-01  2.3762E-01  2.3762E-01  2.3762E-01  2.3762E-01  2.3762E-01  2.3762E-01  2.3762E-01  2.3762E-01  2.3762E-01  2.3762E-01  2.3762E-01  2.3762E-01  2.3762E-01  2.3762E-01   4
6422919   2  2.1331E+02  2.1331E+02  2.1331E+02  2.1331E+02  2.1331E+02  2.1331E+02  2.1331E+02  2.1331E+02  2.1331E+02  2.1331E+02  2.1331E+02  2.1331E+02  2.1331E+02  2.1331E+02  2.1331E+02  2.1331E+02  2.1331E+02  2.1331E+02  2.1331E+02  2.1331E+02  2.1331E+02  2.1331E+02  2.1331E+02  2.1331E+02   3
6448344   2  4.7466E+02  4.7466E+02  4.7466E+02  4.7466E+02  4.7466E+02  4.7466E+02  4.7466E+02  4.7466E+02  4.7466E+02  4.7466E+02  4.7466E+02  4.7466E+02  4.7466E+02  4.7466E+02  4.7466E+02  4.7466E+02  4.7466E+02  4.7466E+02  4.7466E+02  4.7466E+02  4.7466E+02  4.7466E+02  4.7466E+02  4.7466E+02   3
6435628   3  3.7249E+01  3.7249E+01  3.7249E+01  3.7249E+01  3.7249E+01  3.7249E+01  3.7249E+01  3.7249E+01  3.7249E+01  3.7249E+01  3.7249E+01  3.7249E+01  3.7249E+01  3.7249E+01  3.7249E+01  3.7249E+01  3.7249E+01  3.7249E+01  3.7249E+01  3.7249E+01  3.7249E+01  3.7249E+01  3.7249E+01  3.7249E+01   4
6413381   3  5.7237E+00  5.7237E+00  5.7237E+00  5.7237E+00  5.7237E+00  5.7237E+00  5.7237E+00  5.7237E+00  5.7237E+00  5.7237E+00  5.7237E+00  5.7237E+00  5.7237E+00  5.7237E+00  5.7237E+00  5.7237E+00  5.7237E+00  5.7237E+00  5.7237E+00  5.7237E+00  5.7237E+00  5.7237E+00  5.7237E+00  5.7237E+00   4
6438808   2  9.2172E+01  9.2172E+01  9.2172E+01  9.2172E+01  9.2172E+01  9.2172E+01  9.2172E+01  9.2172E+01  9.2172E+01  9.2172E+01  9.2172E+01  9.2172E+01  9.2172E+01  9.2172E+01  9.2172E+01  9.2172E+01  9.2172E+01  9.2172E+01  9.2172E+01  9.2172E+01  9.2172E+01  9.2172E+01  9.2172E+01  9.2172E+01   3
6435622   2  1.8633E-01  1.8633E-01  1.8633E-01  1.8633E-01  1.8633E-01  1.8633E-01  1.8633E-01  1.8633E-01  1.8633E-01  1.8633E-01  1.8633E-01  1.8633E-01  1.8633E-01  1.8633E-01  1.8633E-01  1.8633E-01  1.8633E-01  1.8633E-01  1.8633E-01  1.8633E-01  1.8633E-01  1.8633E-01  1.8633E-01  1.8633E-01   3
6438813   2  4.3921E+00  4.3921E+00  4.3921E+00  4.3921E+00  4.3921E+00  4.3921E+00  4.3921E+00  4.3921E+00  4.3921E+00  4.3921E+00  4.3921E+00  4.3921E+00  4.3921E+00  4.3921E+00  4.3921E+00  4.3921E+00  4.3921E+00  4.3921E+00  4.3921E+00  4.3921E+00  4.3921E+00  4.3921E+00  4.3921E+00  4.3921E+00   3
6438803   2  5.5900E+00  5.5900E+00  5.5900E+00  5.5900E+00  5.5900E+00  5.5900E+00  5.5900E+00  5.5900E+00  5.5900E+00  5.5900E+00  5.5900E+00  5.5900E+00  5.5900E+00  5.5900E+00  5.5900E+00  5.5900E+00  5.5900E+00  5.5900E+00  5.5900E+00  5.5900E+00  5.5900E+00  5.5900E+00  5.5900E+00  5.5900E+00   3
6422940   3  9.3890E+03  9.3890E+03  9.3890E+03  9.3890E+03  9.3890E+03  9.3890E+03  9.3890E+03  9.3890E+03  9.3890E+03  9.3890E+03  9.3890E+03  9.3890E+03  9.3890E+03  9.3890E+03  9.3890E+03  9.3890E+03  9.3890E+03  9.3890E+03  9.3890E+03  9.3890E+03  9.3890E+03  9.3890E+03  9.3890E+03  9.3890E+03   4
6432439   5  4.2310E+01  4.2310E+01  4.2310E+01  4.2310E+01  4.2310E+01  4.2310E+01  4.2310E+01  4.2310E+01  4.2310E+01  4.2310E+01  4.2310E+01  4.2310E+01  4.2310E+01  4.2310E+01  4.2310E+01  4.2310E+01  4.2310E+01  4.2310E+01  4.2310E+01  4.2310E+01  4.2310E+01  4.2310E+01  4.2310E+01  4.2310E+01   6
6441986   2  6.8484E+00  6.8484E+00  6.8484E+00  6.8484E+00  6.8484E+00  6.8484E+00  6.8484E+00  6.8484E+00  6.8484E+00  6.8484E+00  6.8484E+00  6.8484E+00  6.8484E+00  6.8484E+00  6.8484E+00  6.8484E+00  6.8484E+00  6.8484E+00  6.8484E+00  6.8484E+00  6.8484E+00  6.8484E+00  6.8484E+00  6.8484E+00   3
6441980   3  8.8513E+00  8.8513E+00  8.8513E+00  8.8513E+00  8.8513E+00  8.8513E+00  8.8513E+00  8.8513E+00  8.8513E+00  8.8513E+00  8.8513E+00  8.8513E+00  8.8513E+00  8.8513E+00  8.8513E+00  8.8513E+00  8.8513E+00  8.8513E+00  8.8513E+00  8.8513E+00  8.8513E+00  8.8513E+00  8.8513E+00  8.8513E+00   4
6429279   4  2.2398E+01  2.2398E+01  2.2398E+01  2.2398E+01  2.2398E+01  2.2398E+01  2.2398E+01  2.2398E+01  2.2398E+01  2.2398E+01  2.2398E+01  2.2398E+01  2.2398E+01  2.2398E+01  2.2398E+01  2.2398E+01  2.2398E+01  2.2398E+01  2.2398E+01  2.2398E+01  2.2398E+01  2.2398E+01  2.2398E+01  2.2398E+01   5
6432454   2  2.2532E+02  2.2532E+02  2.2532E+02  2.2532E+02  2.2532E+02  2.2532E+02  2.2532E+02  2.2532E+02  2.2532E+02  2.2532E+02  2.2532E+02  2.2532E+02  2.2532E+02  2.2532E+02  2.2532E+02  2.2532E+02  2.2532E+02  2.2532E+02  2.2532E+02  2.2532E+02  2.2532E+02  2.2532E+02  2.2532E+02  2.2532E+02   3
6448335   2  3.2370E+01  3.2370E+01  3.2370E+01  3.2370E+01  3.2370E+01  3.2370E+01  3.2370E+01  3.2370E+01  3.2370E+01  3.2370E+01  3.2370E+01  3.2370E+01  3.2370E+01  3.2370E+01  3.2370E+01  3.2370E+01  3.2370E+01  3.2370E+01  3.2370E+01  3.2370E+01  3.2370E+01  3.2370E+01  3.2370E+01  3.2370E+01   3
6445158   2  2.4742E+01  2.4742E+01  2.4742E+01  2.4742E+01  2.4742E+01  2.4742E+01  2.4742E+01  2.4742E+01  2.4742E+01  2.4742E+01  2.4742E+01  2.4742E+01  2.4742E+01  2.4742E+01  2.4742E+01  2.4742E+01  2.4742E+01  2.4742E+01  2.4742E+01  2.4742E+01  2.4742E+01  2.4742E+01  2.4742E+01  2.4742E+01   3
6387947   2  2.7758E+01  2.7758E+01  2.7758E+01  2.7758E+01  2.7758E+01  2.7758E+01  2.7758E+01  2.7758E+01  2.7758E+01  2.7758E+01  2.7758E+01  2.7758E+01  2.7758E+01  2.7758E+01  2.7758E+01  2.7758E+01  2.7758E+01  2.7758E+01  2.7758E+01  2.7758E+01  2.7758E+01  2.7758E+01  2.7758E+01  2.7758E+01   3
6426099   5  1.3323E+01  1.3323E+01  1.3323E+01  1.3323E+01  1.3323E+01  1.3323E+01  1.3323E+01  1.3323E+01  1.3323E+01  1.3323E+01  1.3323E+01  1.3323E+01  1.3323E+01  1.3323E+01  1.3323E+01  1.3323E+01  1.3323E+01  1.3323E+01  1.3323E+01  1.3323E+01  1.3323E+01  1.3323E+01  1.3323E+01  1.3323E+01   6
6410213   3  2.7618E+01  2.7618E+01  2.7618E+01  2.7618E+01  2.7618E+01  2.7618E+01  2.7618E+01  2.7618E+01  2.7618E+01  2.7618E+01  2.7618E+01  2.7618E+01  2.7618E+01  2.7618E+01  2.7618E+01  2.7618E+01  2.7618E+01  2.7618E+01  2.7618E+01  2.7618E+01  2.7618E+01  2.7618E+01  2.7618E+01  2.7618E+01   4
6422927   2  8.6563E+01  8.6563E+01  8.6563E+01  8.6563E+01  8.6563E+01  8.6563E+01  8.6563E+01  8.6563E+01  8.6563E+01  8.6563E+01  8.6563E+01  8.6563E+01  8.6563E+01  8.6563E+01  8.6563E+01  8.6563E+01  8.6563E+01  8.6563E+01  8.6563E+01  8.6563E+01  8.6563E+01  8.6563E+01  8.6563E+01  8.6563E+01   3
6438815   2  1.3819E+00  1.3819E+00  1.3819E+00  1.3819E+00  1.3819E+00  1.3819E+00  1.3819E+00  1.3819E+00  1.3819E+00  1.3819E+00  1.3819E+00  1.3819E+00  1.3819E+00  1.3819E+00  1.3819E+00  1.3819E+00  1.3819E+00  1.3819E+00  1.3819E+00  1.3819E+00  1.3819E+00  1.3819E+00  1.3819E+00  1.3819E+00   3
6432456   3  1.8770E+01  1.8770E+01  1.8770E+01  1.8770E+01  1.8770E+01  1.8770E+01  1.8770E+01  1.8770E+01  1.8770E+01  1.8770E+01  1.8770E+01  1.8770E+01  1.8770E+01  1.8770E+01  1.8770E+01  1.8770E+01  1.8770E+01  1.8770E+01  1.8770E+01  1.8770E+01  1.8770E+01  1.8770E+01  1.8770E+01  1.8770E+01   4
6435625   3  2.2791E+00  2.2791E+00  2.2791E+00  2.2791E+00  2.2791E+00  2.2791E+00  2.2791E+00  2.2791E+00  2.2791E+00  2.2791E+00  2.2791E+00  2.2791E+00  2.2791E+00  2.2791E+00  2.2791E+00  2.2791E+00  2.2791E+00  2.2791E+00  2.2791E+00  2.2791E+00  2.2791E+00  2.2791E+00  2.2791E+00  2.2791E+00   4
6442004   1  2.3294E+01  2.3294E+01  2.3294E+01  2.3294E+01  2.3294E+01  2.3294E+01  2.3294E+01  2.3294E+01  2.3294E+01  2.3294E+01  2.3294E+01  2.3294E+01  2.3294E+01  2.3294E+01  2.3294E+01  2.3294E+01  2.3294E+01  2.3294E+01  2.3294E+01  2.3294E+01  2.3294E+01  2.3294E+01  2.3294E+01  2.3294E+01   2
6426092   2  7.3960E+01  7.3960E+01  7.3960E+01  7.3960E+01  7.3960E+01  7.3960E+01  7.3960E+01  7.3960E+01  7.3960E+01  7.3960E+01  7.3960E+01  7.3960E+01  7.3960E+01  7.3960E+01  7.3960E+01  7.3960E+01  7.3960E+01  7.3960E+01  7.3960E+01  7.3960E+01  7.3960E+01  7.3960E+01  7.3960E+01  7.3960E+01   3
6413386   1  6.9617E+00  6.9617E+00  6.9617E+00  6.9617E+00  6.9617E+00  6.9617E+00  6.9617E+00  6.9617E+00  6.9617E+00  6.9617E+00  6.9617E+00  6.9617E+00  6.9617E+00  6.9617E+00  6.9617E+00  6.9617E+00  6.9617E+00  6.9617E+00  6.9617E+00  6.9617E+00  6.9617E+00  6.9617E+00  6.9617E+00  6.9617E+00   2
6416564   2  3.0639E+01  3.0639E+01  3.0639E+01  3.0639E+01  3.0639E+01  3.0639E+01  3.0639E+01  3.0639E+01  3.0639E+01  3.0639E+01  3.0639E+01  3.0639E+01  3.0639E+01  3.0639E+01  3.0639E+01  3.0639E+01  3.0639E+01  3.0639E+01  3.0639E+01  3.0639E+01  3.0639E+01  3.0639E+01  3.0639E+01  3.0639E+01   3
6413391   7  7.6535E-01  7.6535E-01  7.6535E-01  7.6535E-01  7.6535E-01  7.6535E-01  7.6535E-01  7.6535E-01  7.6535E-01  7.6535E-01  7.6535E-01  7.6535E-01  7.6535E-01  7.6535E-01  7.6535E-01  7.6535E-01  7.6535E-01  7.6535E-01  7.6535E-01  7.6535E-01  7.6535E-01  7.6535E-01  7.6535E-01  7.6535E-01   8
6441979   7  1.8966E+00  1.8966E+00  1.8966E+00  1.8966E+00  1.8966E+00  1.8966E+00  1.8966E+00  1.8966E+00  1.8966E+00  1.8966E+00  1.8966E+00  1.8966E+00  1.8966E+00  1.8966E+00  1.8966E+00  1.8966E+00  1.8966E+00  1.8966E+00  1.8966E+00  1.8966E+00  1.8966E+00  1.8966E+00  1.8966E+00  1.8966E+00   8
6416558   7  9.9115E+02  9.9115E+02  9.9115E+02  9.9115E+02  9.9115E+02  9.9115E+02  9.9115E+02  9.9115E+02  9.9115E+02  9.9115E+02  9.9115E+02  9.9115E+02  9.9115E+02  9.9115E+02  9.9115E+02  9.9115E+02  9.9115E+02  9.9115E+02  9.9115E+02  9.9115E+02  9.9115E+02  9.9115E+02  9.9115E+02  9.9115E+02   8
6410210   5  5.6667E+00  5.6667E+00  5.6667E+00  5.6667E+00  5.6667E+00  5.6667E+00  5.6667E+00  5.6667E+00  5.6667E+00  5.6667E+00  5.6667E+00  5.6667E+00  5.6667E+00  5.6667E+00  5.6667E+00  5.6667E+00  5.6667E+00  5.6667E+00  5.6667E+00  5.6667E+00  5.6667E+00  5.6667E+00  5.6667E+00  5.6667E+00   6
6426093   7  1.2150E+01  1.2150E+01  1.2150E+01  1.2150E+01  1.2150E+01  1.2150E+01  1.2150E+01  1.2150E+01  1.2150E+01  1.2150E+01  1.2150E+01  1.2150E+01  1.2150E+01  1.2150E+01  1.2150E+01  1.2150E+01  1.2150E+01  1.2150E+01  1.2150E+01  1.2150E+01  1.2150E+01  1.2150E+01  1.2150E+01  1.2150E+01   8
6435634   7  1.7969E+00  1.7969E+00  1.7969E+00  1.7969E+00  1.7969E+00  1.7969E+00  1.7969E+00  1.7969E+00  1.7969E+00  1.7969E+00  1.7969E+00  1.7969E+00  1.7969E+00  1.7969E+00  1.7969E+00  1.7969E+00  1.7969E+00  1.7969E+00  1.7969E+00  1.7969E+00  1.7969E+00  1.7969E+00  1.7969E+00  1.7969E+00   8
6419755   7  3.0876E-01  3.0876E-01  3.0876E-01  3.0876E-01  3.0876E-01  3.0876E-01  3.0876E-01  3.0876E-01  3.0876E-01  3.0876E-01  3.0876E-01  3.0876E-01  3.0876E-01  3.0876E-01  3.0876E-01  3.0876E-01  3.0876E-01  3.0876E-01  3.0876E-01  3.0876E-01  3.0876E-01  3.0876E-01  3.0876E-01  3.0876E-01   8
6426091   7  2.7332E+01  2.7332E+01  2.7332E+01  2.7332E+01  2.7332E+01  2.7332E+01  2.7332E+01  2.7332E+01  2.7332E+01  2.7332E+01  2.7332E+01  2.7332E+01  2.7332E+01  2.7332E+01  2.7332E+01  2.7332E+01  2.7332E+01  2.7332E+01  2.7332E+01  2.7332E+01  2.7332E+01  2.7332E+01  2.7332E+01  2.7332E+01   8
6407033   4  4.9851E+01  4.9851E+01  4.9851E+01  4.9851E+01  4.9851E+01  4.9851E+01  4.9851E+01  4.9851E+01  4.9851E+01  4.9851E+01  4.9851E+01  4.9851E+01  4.9851E+01  4.9851E+01  4.9851E+01  4.9851E+01  4.9851E+01  4.9851E+01  4.9851E+01  4.9851E+01  4.9851E+01  4.9851E+01  4.9851E+01  4.9851E+01   5
6448332   4  1.1417E+00  1.1417E+00  1.1417E+00  1.1417E+00  1.1417E+00  1.1417E+00  1.1417E+00  1.1417E+00  1.1417E+00  1.1417E+00  1.1417E+00  1.1417E+00  1.1417E+00  1.1417E+00  1.1417E+00  1.1417E+00  1.1417E+00  1.1417E+00  1.1417E+00  1.1417E+00  1.1417E+00  1.1417E+00  1.1417E+00  1.1417E+00   5
6397483   2  6.7214E+00  6.7214E+00  6.7214E+00  6.7214E+00  6.7214E+00  6.7214E+00  6.7214E+00  6.7214E+00  6.7214E+00  6.7214E+00  6.7214E+00  6.7214E+00  6.7214E+00  6.7214E+00  6.7214E+00  6.7214E+00  6.7214E+00  6.7214E+00  6.7214E+00  6.7214E+00  6.7214E+00  6.7214E+00  6.7214E+00  6.7214E+00   3
6448342   2  1.0650E+00  1.0650E+00  1.0650E+00  1.0650E+00  1.0650E+00  1.0650E+00  1.0650E+00  1.0650E+00  1.0650E+00  1.0650E+00  1.0650E+00  1.0650E+00  1.0650E+00  1.0650E+00  1.0650E+00  1.0650E+00  1.0650E+00  1.0650E+00  1.0650E+00  1.0650E+00  1.0650E+00  1.0650E+00  1.0650E+00  1.0650E+00   3
6416578   2  1.7253E+02  1.7253E+02  1.7253E+02  1.7253E+02  1.7253E+02  1.7253E+02  1.7253E+02  1.7253E+02  1.7253E+02  1.7253E+02  1.7253E+02  1.7253E+02  1.7253E+02  1.7253E+02  1.7253E+02  1.7253E+02  1.7253E+02  1.7253E+02  1.7253E+02  1.7253E+02  1.7253E+02  1.7253E+02  1.7253E+02  1.7253E+02   3
6381593   2  4.2045E-01  4.2045E-01  4.2045E-01  4.2045E-01  4.2045E-01  4.2045E-01  4.2045E-01  4.2045E-01  4.2045E-01  4.2045E-01  4.2045E-01  4.2045E-01  4.2045E-01  4.2045E-01  4.2045E-01  4.2045E-01  4.2045E-01  4.2045E-01  4.2045E-01  4.2045E-01  4.2045E-01  4.2045E-01  4.2045E-01  4.2045E-01   3
6426101   2  6.9216E-02  6.9216E-02  6.9216E-02  6.9216E-02  6.9216E-02  6.9216E-02  6.9216E-02  6.9216E-02  6.9216E-02  6.9216E-02  6.9216E-02  6.9216E-02  6.9216E-02  6.9216E-02  6.9216E-02  6.9216E-02  6.9216E-02  6.9216E-02  6.9216E-02  6.9216E-02  6.9216E-02  6.9216E-02  6.9216E-02  6.9216E-02   3
6438810   2  1.7304E-02  1.7304E-02  1.7304E-02  1.7304E-02  1.7304E-02  1.7304E-02  1.7304E-02  1.7304E-02  1.7304E-02  1.7304E-02  1.7304E-02  1.7304E-02  1.7304E-02  1.7304E-02  1.7304E-02  1.7304E-02  1.7304E-02  1.7304E-02  1.7304E-02  1.7304E-02  1.7304E-02  1.7304E-02  1.7304E-02  1.7304E-02   3
6407019   2  2.9948E-01  2.9948E-01  2.9948E-01  2.9948E-01  2.9948E-01  2.9948E-01  2.9948E-01  2.9948E-01  2.9948E-01  2.9948E-01  2.9948E-01  2.9948E-01  2.9948E-01  2.9948E-01  2.9948E-01  2.9948E-01  2.9948E-01  2.9948E-01  2.9948E-01  2.9948E-01  2.9948E-01  2.9948E-01  2.9948E-01  2.9948E-01   3
6448345   2  1.4932E+01  1.4932E+01  1.4932E+01  1.4932E+01  1.4932E+01  1.4932E+01  1.4932E+01  1.4932E+01  1.4932E+01  1.4932E+01  1.4932E+01  1.4932E+01  1.4932E+01  1.4932E+01  1.4932E+01  1.4932E+01  1.4932E+01  1.4932E+01  1.4932E+01  1.4932E+01  1.4932E+01  1.4932E+01  1.4932E+01  1.4932E+01   3
6448346   2  7.8633E+01  7.8633E+01  7.8633E+01  7.8633E+01  7.8633E+01  7.8633E+01  7.8633E+01  7.8633E+01  7.8633E+01  7.8633E+01  7.8633E+01  7.8633E+01  7.8633E+01  7.8633E+01  7.8633E+01  7.8633E+01  7.8633E+01  7.8633E+01  7.8633E+01  7.8633E+01  7.8633E+01  7.8633E+01  7.8633E+01  7.8633E+01   3
6429266   2  2.1965E+00  2.1965E+00  2.1965E+00  2.1965E+00  2.1965E+00  2.1965E+00  2.1965E+00  2.1965E+00  2.1965E+00  2.1965E+00  2.1965E+00  2.1965E+00  2.1965E+00  2.1965E+00  2.1965E+00  2.1965E+00  2.1965E+00  2.1965E+00  2.1965E+00  2.1965E+00  2.1965E+00  2.1965E+00  2.1965E+00  2.1965E+00   3
6407034   2  4.3184E+01  4.3184E+01  4.3184E+01  4.3184E+01  4.3184E+01  4.3184E+01  4.3184E+01  4.3184E+01  4.3184E+01  4.3184E+01  4.3184E+01  4.3184E+01  4.3184E+01  4.3184E+01  4.3184E+01  4.3184E+01  4.3184E+01  4.3184E+01  4.3184E+01  4.3184E+01  4.3184E+01  4.3184E+01  4.3184E+01  4.3184E+01   3
6438805   2  6.5690E+01  6.5690E+01  6.5690E+01  6.5690E+01  6.5690E+01  6.5690E+01  6.5690E+01  6.5690E+01  6.5690E+01  6.5690E+01  6.5690E+01  6.5690E+01  6.5690E+01  6.5690E+01  6.5690E+01  6.5690E+01  6.5690E+01  6.5690E+01  6.5690E+01  6.5690E+01  6.5690E+01  6.5690E+01  6.5690E+01  6.5690E+01   3
6426097   2  1.0387E+03  1.0387E+03  1.0387E+03  1.0387E+03  1.0387E+03  1.0387E+03  1.0387E+03  1.0387E+03  1.0387E+03  1.0387E+03  1.0387E+03  1.0387E+03  1.0387E+03  1.0387E+03  1.0387E+03  1.0387E+03  1.0387E+03  1.0387E+03  1.0387E+03  1.0387E+03  1.0387E+03  1.0387E+03  1.0387E+03  1.0387E+03   3
6413389   2  1.2968E+04  1.2968E+04  1.2968E+04  1.2968E+04  1.2968E+04  1.2968E+04  1.2968E+04  1.2968E+04  1.2968E+04  1.2968E+04  1.2968E+04  1.2968E+04  1.2968E+04  1.2968E+04  1.2968E+04  1.2968E+04  1.2968E+04  1.2968E+04  1.2968E+04  1.2968E+04  1.2968E+04  1.2968E+04  1.2968E+04  1.2968E+04   3
6429275   2  2.0117E+01  2.0117E+01  2.0117E+01  2.0117E+01  2.0117E+01  2.0117E+01  2.0117E+01  2.0117E+01  2.0117E+01  2.0117E+01  2.0117E+01  2.0117E+01  2.0117E+01  2.0117E+01  2.0117E+01  2.0117E+01  2.0117E+01  2.0117E+01  2.0117E+01  2.0117E+01  2.0117E+01  2.0117E+01  2.0117E+01  2.0117E+01   3
6416563   2  1.3308E-03  1.3308E-03  1.3308E-03  1.3308E-03  1.3308E-03  1.3308E-03  1.3308E-03  1.3308E-03  1.3308E-03  1.3308E-03  1.3308E-03  1.3308E-03  1.3308E-03  1.3308E-03  1.3308E-03  1.3308E-03  1.3308E-03  1.3308E-03  1.3308E-03  1.3308E-03  1.3308E-03  1.3308E-03  1.3308E-03  1.3308E-03   3
6448333   2  1.3712E+02  1.3712E+02  1.3712E+02  1.3712E+02  1.3712E+02  1.3712E+02  1.3712E+02  1.3712E+02  1.3712E+02  1.3712E+02  1.3712E+02  1.3712E+02  1.3712E+02  1.3712E+02  1.3712E+02  1.3712E+02  1.3712E+02  1.3712E+02  1.3712E+02  1.3712E+02  1.3712E+02  1.3712E+02  1.3712E+02  1.3712E+02   3
6432459   2  1.4637E+00  1.4637E+00  1.4637E+00  1.4637E+00  1.4637E+00  1.4637E+00  1.4637E+00  1.4637E+00  1.4637E+00  1.4637E+00  1.4637E+00  1.4637E+00  1.4637E+00  1.4637E+00  1.4637E+00  1.4637E+00  1.4637E+00  1.4637E+00  1.4637E+00  1.4637E+00  1.4637E+00  1.4637E+00  1.4637E+00  1.4637E+00   3
6435635   2  9.6992E+01  9.6992E+01  9.6992E+01  9.6992E+01  9.6992E+01  9.6992E+01  9.6992E+01  9.6992E+01  9.6992E+01  9.6992E+01  9.6992E+01  9.6992E+01  9.6992E+01  9.6992E+01  9.6992E+01  9.6992E+01  9.6992E+01  9.6992E+01  9.6992E+01  9.6992E+01  9.6992E+01  9.6992E+01  9.6992E+01  9.6992E+01   3
6426103   2  2.2970E+02  2.2970E+02  2.2970E+02  2.2970E+02  2.2970E+02  2.2970E+02  2.2970E+02  2.2970E+02  2.2970E+02  2.2970E+02  2.2970E+02  2.2970E+02  2.2970E+02  2.2970E+02  2.2970E+02  2.2970E+02  2.2970E+02  2.2970E+02  2.2970E+02  2.2970E+02  2.2970E+02  2.2970E+02  2.2970E+02  2.2970E+02   3
6441991   2  1.7304E+00  1.7304E+00  1.7304E+00  1.7304E+00  1.7304E+00  1.7304E+00  1.7304E+00  1.7304E+00  1.7304E+00  1.7304E+00  1.7304E+00  1.7304E+00  1.7304E+00  1.7304E+00  1.7304E+00  1.7304E+00  1.7304E+00  1.7304E+00  1.7304E+00  1.7304E+00  1.7304E+00  1.7304E+00  1.7304E+00  1.7304E+00   3
6410204   2  2.1206E+00  2.1206E+00  2.1206E+00  2.1206E+00  2.1206E+00  2.1206E+00  2.1206E+00  2.1206E+00  2.1206E+00  2.1206E+00  2.1206E+00  2.1206E+00  2.1206E+00  2.1206E+00  2.1206E+00  2.1206E+00  2.1206E+00  2.1206E+00  2.1206E+00  2.1206E+00  2.1206E+00  2.1206E+00  2.1206E+00  2.1206E+00   3
6410203   2  1.2695E+00  1.2695E+00  1.2695E+00  1.2695E+00  1.2695E+00  1.2695E+00  1.2695E+00  1.2695E+00  1.2695E+00  1.2695E+00  1.2695E+00  1.2695E+00  1.2695E+00  1.2695E+00  1.2695E+00  1.2695E+00  1.2695E+00  1.2695E+00  1.2695E+00  1.2695E+00  1.2695E+00  1.2695E+00  1.2695E+00  1.2695E+00   3
6441984   2  1.4629E+01  1.4629E+01  1.4629E+01  1.4629E+01  1.4629E+01  1.4629E+01  1.4629E+01  1.4629E+01  1.4629E+01  1.4629E+01  1.4629E+01  1.4629E+01  1.4629E+01  1.4629E+01  1.4629E+01  1.4629E+01  1.4629E+01  1.4629E+01  1.4629E+01  1.4629E+01  1.4629E+01  1.4629E+01  1.4629E+01  1.4629E+01   3
6448336   2  3.6329E+01  3.6329E+01  3.6329E+01  3.6329E+01  3.6329E+01  3.6329E+01  3.6329E+01  3.6329E+01  3.6329E+01  3.6329E+01  3.6329E+01  3.6329E+01  3.6329E+01  3.6329E+01  3.6329E+01  3.6329E+01  3.6329E+01  3.6329E+01  3.6329E+01  3.6329E+01  3.6329E+01  3.6329E+01  3.6329E+01  3.6329E+01   3
6410211   2  1.9102E+01  1.9102E+01  1.9102E+01  1.9102E+01  1.9102E+01  1.9102E+01  1.9102E+01  1.9102E+01  1.9102E+01  1.9102E+01  1.9102E+01  1.9102E+01  1.9102E+01  1.9102E+01  1.9102E+01  1.9102E+01  1.9102E+01  1.9102E+01  1.9102E+01  1.9102E+01  1.9102E+01  1.9102E+01  1.9102E+01  1.9102E+01   3
6438807   2  2.3421E+01  2.3421E+01  2.3421E+01  2.3421E+01  2.3421E+01  2.3421E+01  2.3421E+01  2.3421E+01  2.3421E+01  2.3421E+01  2.3421E+01  2.3421E+01  2.3421E+01  2.3421E+01  2.3421E+01  2.3421E+01  2.3421E+01  2.3421E+01  2.3421E+01  2.3421E+01  2.3421E+01  2.3421E+01  2.3421E+01  2.3421E+01   3
6438809   2  4.8649E+01  4.8649E+01  4.8649E+01  4.8649E+01  4.8649E+01  4.8649E+01  4.8649E+01  4.8649E+01  4.8649E+01  4.8649E+01  4.8649E+01  4.8649E+01  4.8649E+01  4.8649E+01  4.8649E+01  4.8649E+01  4.8649E+01  4.8649E+01  4.8649E+01  4.8649E+01  4.8649E+01  4.8649E+01  4.8649E+01  4.8649E+01   3
6387948   2  9.6532E+01  9.6532E+01  9.6532E+01  9.6532E+01  9.6532E+01  9.6532E+01  9.6532E+01  9.6532E+01  9.6532E+01  9.6532E+01  9.6532E+01  9.6532E+01  9.6532E+01  9.6532E+01  9.6532E+01  9.6532E+01  9.6532E+01  9.6532E+01  9.6532E+01  9.6532E+01  9.6532E+01  9.6532E+01  9.6532E+01  9.6532E+01   3
6432455   2  2.9624E+00  2.9624E+00  2.9624E+00  2.9624E+00  2.9624E+00  2.9624E+00  2.9624E+00  2.9624E+00  2.9624E+00  2.9624E+00  2.9624E+00  2.9624E+00  2.9624E+00  2.9624E+00  2.9624E+00  2.9624E+00  2.9624E+00  2.9624E+00  2.9624E+00  2.9624E+00  2.9624E+00  2.9624E+00  2.9624E+00  2.9624E+00   3
6419736   2  3.5230E+01  3.5230E+01  3.5230E+01  3.5230E+01  3.5230E+01  3.5230E+01  3.5230E+01  3.5230E+01  3.5230E+01  3.5230E+01  3.5230E+01  3.5230E+01  3.5230E+01  3.5230E+01  3.5230E+01  3.5230E+01  3.5230E+01  3.5230E+01  3.5230E+01  3.5230E+01  3.5230E+01  3.5230E+01  3.5230E+01  3.5230E+01   3
6410215   2  8.1656E+00  8.1656E+00  8.1656E+00  8.1656E+00  8.1656E+00  8.1656E+00  8.1656E+00  8.1656E+00  8.1656E+00  8.1656E+00  8.1656E+00  8.1656E+00  8.1656E+00  8.1656E+00  8.1656E+00  8.1656E+00  8.1656E+00  8.1656E+00  8.1656E+00  8.1656E+00  8.1656E+00  8.1656E+00  8.1656E+00  8.1656E+00   3
6441987   2  3.7326E+01  3.7326E+01  3.7326E+01  3.7326E+01  3.7326E+01  3.7326E+01  3.7326E+01  3.7326E+01  3.7326E+01  3.7326E+01  3.7326E+01  3.7326E+01  3.7326E+01  3.7326E+01  3.7326E+01  3.7326E+01  3.7326E+01  3.7326E+01  3.7326E+01  3.7326E+01  3.7326E+01  3.7326E+01  3.7326E+01  3.7326E+01   3
6394304   2  8.6478E-01  8.6478E-01  8.6478E-01  8.6478E-01  8.6478E-01  8.6478E-01  8.6478E-01  8.6478E-01  8.6478E-01  8.6478E-01  8.6478E-01  8.6478E-01  8.6478E-01  8.6478E-01  8.6478E-01  8.6478E-01  8.6478E-01  8.6478E-01  8.6478E-01  8.6478E-01  8.6478E-01  8.6478E-01  8.6478E-01  8.6478E-01   3
6429276   2  8.5711E+02  8.5711E+02  8.5711E+02  8.5711E+02  8.5711E+02  8.5711E+02  8.5711E+02  8.5711E+02  8.5711E+02  8.5711E+02  8.5711E+02  8.5711E+02  8.5711E+02  8.5711E+02  8.5711E+02  8.5711E+02  8.5711E+02  8.5711E+02  8.5711E+02  8.5711E+02  8.5711E+02  8.5711E+02  8.5711E+02  8.5711E+02   3
6432450   2  2.3958E+00  2.3958E+00  2.3958E+00  2.3958E+00  2.3958E+00  2.3958E+00  2.3958E+00  2.3958E+00  2.3958E+00  2.3958E+00  2.3958E+00  2.3958E+00  2.3958E+00  2.3958E+00  2.3958E+00  2.3958E+00  2.3958E+00  2.3958E+00  2.3958E+00  2.3958E+00  2.3958E+00  2.3958E+00  2.3958E+00  2.3958E+00   3
6416555   5  2.2791E+02  2.2791E+02  2.2791E+02  2.2791E+02  2.2791E+02  2.2791E+02  2.2791E+02  2.2791E+02  2.2791E+02  2.2791E+02  2.2791E+02  2.2791E+02  2.2791E+02  2.2791E+02  2.2791E+02  2.2791E+02  2.2791E+02  2.2791E+02  2.2791E+02  2.2791E+02  2.2791E+02  2.2791E+02  2.2791E+02  2.2791E+02   6
