PNO3Emissions
         167 2016-05-11_00:00:00, WND
6426118   1  1.4472E+00  1.4472E+00  1.4472E+00  1.4472E+00  1.4472E+00  1.4472E+00  1.4472E+00  1.4472E+00  1.4472E+00  1.4472E+00  1.4472E+00  1.4472E+00  1.4472E+00  1.4472E+00  1.4472E+00  1.4472E+00  1.4472E+00  1.4472E+00  1.4472E+00  1.4472E+00  1.4472E+00  1.4472E+00  1.4472E+00  1.4472E+00   2
6419754   1  2.7574E-02  2.7574E-02  2.7574E-02  2.7574E-02  2.7574E-02  2.7574E-02  2.7574E-02  2.7574E-02  2.7574E-02  2.7574E-02  2.7574E-02  2.7574E-02  2.7574E-02  2.7574E-02  2.7574E-02  2.7574E-02  2.7574E-02  2.7574E-02  2.7574E-02  2.7574E-02  2.7574E-02  2.7574E-02  2.7574E-02  2.7574E-02   2
6441990   1  2.5775E+00  2.5775E+00  2.5775E+00  2.5775E+00  2.5775E+00  2.5775E+00  2.5775E+00  2.5775E+00  2.5775E+00  2.5775E+00  2.5775E+00  2.5775E+00  2.5775E+00  2.5775E+00  2.5775E+00  2.5775E+00  2.5775E+00  2.5775E+00  2.5775E+00  2.5775E+00  2.5775E+00  2.5775E+00  2.5775E+00  2.5775E+00   2
6426087   1  5.1672E-01  5.1672E-01  5.1672E-01  5.1672E-01  5.1672E-01  5.1672E-01  5.1672E-01  5.1672E-01  5.1672E-01  5.1672E-01  5.1672E-01  5.1672E-01  5.1672E-01  5.1672E-01  5.1672E-01  5.1672E-01  5.1672E-01  5.1672E-01  5.1672E-01  5.1672E-01  5.1672E-01  5.1672E-01  5.1672E-01  5.1672E-01   2
6391124   1  5.2735E+02  5.2735E+02  5.2735E+02  5.2735E+02  5.2735E+02  5.2735E+02  5.2735E+02  5.2735E+02  5.2735E+02  5.2735E+02  5.2735E+02  5.2735E+02  5.2735E+02  5.2735E+02  5.2735E+02  5.2735E+02  5.2735E+02  5.2735E+02  5.2735E+02  5.2735E+02  5.2735E+02  5.2735E+02  5.2735E+02  5.2735E+02   2
6445165   1  8.8880E-04  8.5195E-04  7.1115E-04  5.4720E-04  4.3004E-04  3.6482E-04  3.3132E-04  3.1124E-04  3.0454E-04  3.1289E-04  3.5140E-04  4.1833E-04  5.2041E-04  6.4900E-04  7.8155E-04  8.8330E-04  9.5535E-04  1.0109E-03  1.0373E-03  1.0560E-03  1.0626E-03  1.0439E-03  9.9385E-04  9.1685E-04   2
6416566   1  1.5630E-02  1.4979E-02  1.2507E-02  9.6266E-03  7.5618E-03  6.4161E-03  5.8276E-03  5.4746E-03  5.3569E-03  5.5040E-03  6.1807E-03  7.3553E-03  9.1516E-03  1.1418E-02  1.3746E-02  1.5542E-02  1.6807E-02  1.7777E-02  1.8247E-02  1.8572E-02  1.8691E-02  1.8366E-02  1.7483E-02  1.6130E-02   2
6422914   1  7.0517E-02  6.7603E-02  5.6439E-02  4.3431E-02  3.4126E-02  2.8950E-02  2.6296E-02  2.4702E-02  2.4170E-02  2.4834E-02  2.7888E-02  3.3197E-02  4.1296E-02  5.1531E-02  6.2007E-02  7.0127E-02  7.5830E-02  8.0218E-02  8.2335E-02  8.3800E-02  8.4322E-02  8.2867E-02  7.8879E-02  7.2781E-02   2
6429274   1  2.3934E-03  2.2941E-03  1.9156E-03  1.4737E-03  1.1584E-03  9.8256E-04  8.9244E-04  8.3830E-04  8.2028E-04  8.4287E-04  9.4651E-04  1.1268E-03  1.4015E-03  1.7487E-03  2.1046E-03  2.3801E-03  2.5737E-03  2.7227E-03  2.7943E-03  2.8441E-03  2.8619E-03  2.8123E-03  2.6771E-03  2.4697E-03   2
6391125   1  7.8260E-05  7.8260E-05  7.8260E-05  7.8260E-05  7.8260E-05  7.8260E-05  7.8260E-05  7.8260E-05  7.8260E-05  7.8260E-05  7.8260E-05  7.8260E-05  7.8260E-05  7.8260E-05  7.8260E-05  7.8260E-05  7.8260E-05  7.8260E-05  7.8260E-05  7.8260E-05  7.8260E-05  7.8260E-05  7.8260E-05  7.8260E-05   2
6448343   1  2.5041E-03  2.4002E-03  2.0042E-03  1.5422E-03  1.2122E-03  1.0279E-03  9.3390E-04  8.7725E-04  8.5800E-04  8.8165E-04  9.9055E-04  1.1792E-03  1.4668E-03  1.8299E-03  2.2022E-03  2.4898E-03  2.6928E-03  2.8484E-03  2.9238E-03  2.9755E-03  2.9947E-03  2.9425E-03  2.8011E-03  2.5844E-03   2
6416565   1  3.3539E-02  3.3539E-02  3.3539E-02  3.3539E-02  3.3539E-02  3.3539E-02  3.3539E-02  3.3539E-02  3.3539E-02  3.3539E-02  3.3539E-02  3.3539E-02  3.3539E-02  3.3539E-02  3.3539E-02  3.3539E-02  3.3539E-02  3.3539E-02  3.3539E-02  3.3539E-02  3.3539E-02  3.3539E-02  3.3539E-02  3.3539E-02   2
6445174   1  5.5148E-02  5.5148E-02  5.5148E-02  5.5148E-02  5.5148E-02  5.5148E-02  5.5148E-02  5.5148E-02  5.5148E-02  5.5148E-02  5.5148E-02  5.5148E-02  5.5148E-02  5.5148E-02  5.5148E-02  5.5148E-02  5.5148E-02  5.5148E-02  5.5148E-02  5.5148E-02  5.5148E-02  5.5148E-02  5.5148E-02  5.5148E-02   2
6410197   3  7.2526E-01  6.9517E-01  5.8044E-01  4.4658E-01  3.5100E-01  2.9771E-01  2.7041E-01  2.5401E-01  2.4855E-01  2.5540E-01  2.8682E-01  3.4143E-01  4.2473E-01  5.2989E-01  6.3780E-01  7.2113E-01  7.7981E-01  8.2486E-01  8.4679E-01  8.6181E-01  8.6728E-01  8.5222E-01  8.1117E-01  7.4837E-01   4
6413390   3  3.3791E-01  3.3791E-01  3.3791E-01  3.3791E-01  3.3791E-01  3.3791E-01  3.3791E-01  3.3791E-01  3.3791E-01  3.3791E-01  3.3791E-01  3.3791E-01  3.3791E-01  3.3791E-01  3.3791E-01  3.3791E-01  3.3791E-01  3.3791E-01  3.3791E-01  3.3791E-01  3.3791E-01  3.3791E-01  3.3791E-01  3.3791E-01   4
6441989   3  3.2429E-01  3.1076E-01  2.5954E-01  1.9966E-01  1.5693E-01  1.3312E-01  1.2091E-01  1.1357E-01  1.1114E-01  1.1419E-01  1.2824E-01  1.5266E-01  1.8992E-01  2.3699E-01  2.8515E-01  3.2248E-01  3.4863E-01  3.6883E-01  3.7857E-01  3.8525E-01  3.8777E-01  3.8110E-01  3.6270E-01  3.3457E-01   4
6435617   2  1.8304E-02  1.8304E-02  1.8304E-02  1.8304E-02  1.8304E-02  1.8304E-02  1.8304E-02  1.8304E-02  1.8304E-02  1.8304E-02  1.8304E-02  1.8304E-02  1.8304E-02  1.8304E-02  1.8304E-02  1.8304E-02  1.8304E-02  1.8304E-02  1.8304E-02  1.8304E-02  1.8304E-02  1.8304E-02  1.8304E-02  1.8304E-02   3
6448332   4  1.8304E-02  1.8304E-02  1.8304E-02  1.8304E-02  1.8304E-02  1.8304E-02  1.8304E-02  1.8304E-02  1.8304E-02  1.8304E-02  1.8304E-02  1.8304E-02  1.8304E-02  1.8304E-02  1.8304E-02  1.8304E-02  1.8304E-02  1.8304E-02  1.8304E-02  1.8304E-02  1.8304E-02  1.8304E-02  1.8304E-02  1.8304E-02   5
6362513   5  6.3504E-04  6.3504E-04  6.3504E-04  6.3504E-04  6.3504E-04  6.3504E-04  6.3504E-04  6.3504E-04  6.3504E-04  6.3504E-04  6.3504E-04  6.3504E-04  6.3504E-04  6.3504E-04  6.3504E-04  6.3504E-04  6.3504E-04  6.3504E-04  6.3504E-04  6.3504E-04  6.3504E-04  6.3504E-04  6.3504E-04  6.3504E-04   6
6362517   5  6.3504E-04  6.3504E-04  6.3504E-04  6.3504E-04  6.3504E-04  6.3504E-04  6.3504E-04  6.3504E-04  6.3504E-04  6.3504E-04  6.3504E-04  6.3504E-04  6.3504E-04  6.3504E-04  6.3504E-04  6.3504E-04  6.3504E-04  6.3504E-04  6.3504E-04  6.3504E-04  6.3504E-04  6.3504E-04  6.3504E-04  6.3504E-04   6
6362520   6  6.3504E-04  6.3504E-04  6.3504E-04  6.3504E-04  6.3504E-04  6.3504E-04  6.3504E-04  6.3504E-04  6.3504E-04  6.3504E-04  6.3504E-04  6.3504E-04  6.3504E-04  6.3504E-04  6.3504E-04  6.3504E-04  6.3504E-04  6.3504E-04  6.3504E-04  6.3504E-04  6.3504E-04  6.3504E-04  6.3504E-04  6.3504E-04   7
6359345   3  6.3504E-04  6.3504E-04  6.3504E-04  6.3504E-04  6.3504E-04  6.3504E-04  6.3504E-04  6.3504E-04  6.3504E-04  6.3504E-04  6.3504E-04  6.3504E-04  6.3504E-04  6.3504E-04  6.3504E-04  6.3504E-04  6.3504E-04  6.3504E-04  6.3504E-04  6.3504E-04  6.3504E-04  6.3504E-04  6.3504E-04  6.3504E-04   4
6359349   5  6.3504E-04  6.3504E-04  6.3504E-04  6.3504E-04  6.3504E-04  6.3504E-04  6.3504E-04  6.3504E-04  6.3504E-04  6.3504E-04  6.3504E-04  6.3504E-04  6.3504E-04  6.3504E-04  6.3504E-04  6.3504E-04  6.3504E-04  6.3504E-04  6.3504E-04  6.3504E-04  6.3504E-04  6.3504E-04  6.3504E-04  6.3504E-04   6
6359352   5  6.3504E-04  6.3504E-04  6.3504E-04  6.3504E-04  6.3504E-04  6.3504E-04  6.3504E-04  6.3504E-04  6.3504E-04  6.3504E-04  6.3504E-04  6.3504E-04  6.3504E-04  6.3504E-04  6.3504E-04  6.3504E-04  6.3504E-04  6.3504E-04  6.3504E-04  6.3504E-04  6.3504E-04  6.3504E-04  6.3504E-04  6.3504E-04   6
6375226   6  6.3504E-04  6.3504E-04  6.3504E-04  6.3504E-04  6.3504E-04  6.3504E-04  6.3504E-04  6.3504E-04  6.3504E-04  6.3504E-04  6.3504E-04  6.3504E-04  6.3504E-04  6.3504E-04  6.3504E-04  6.3504E-04  6.3504E-04  6.3504E-04  6.3504E-04  6.3504E-04  6.3504E-04  6.3504E-04  6.3504E-04  6.3504E-04   7
6375229   2  6.3504E-04  6.3504E-04  6.3504E-04  6.3504E-04  6.3504E-04  6.3504E-04  6.3504E-04  6.3504E-04  6.3504E-04  6.3504E-04  6.3504E-04  6.3504E-04  6.3504E-04  6.3504E-04  6.3504E-04  6.3504E-04  6.3504E-04  6.3504E-04  6.3504E-04  6.3504E-04  6.3504E-04  6.3504E-04  6.3504E-04  6.3504E-04   3
6372058   2  6.3504E-04  6.3504E-04  6.3504E-04  6.3504E-04  6.3504E-04  6.3504E-04  6.3504E-04  6.3504E-04  6.3504E-04  6.3504E-04  6.3504E-04  6.3504E-04  6.3504E-04  6.3504E-04  6.3504E-04  6.3504E-04  6.3504E-04  6.3504E-04  6.3504E-04  6.3504E-04  6.3504E-04  6.3504E-04  6.3504E-04  6.3504E-04   3
6372061   3  6.3504E-04  6.3504E-04  6.3504E-04  6.3504E-04  6.3504E-04  6.3504E-04  6.3504E-04  6.3504E-04  6.3504E-04  6.3504E-04  6.3504E-04  6.3504E-04  6.3504E-04  6.3504E-04  6.3504E-04  6.3504E-04  6.3504E-04  6.3504E-04  6.3504E-04  6.3504E-04  6.3504E-04  6.3504E-04  6.3504E-04  6.3504E-04   4
6368887   3  6.3504E-04  6.3504E-04  6.3504E-04  6.3504E-04  6.3504E-04  6.3504E-04  6.3504E-04  6.3504E-04  6.3504E-04  6.3504E-04  6.3504E-04  6.3504E-04  6.3504E-04  6.3504E-04  6.3504E-04  6.3504E-04  6.3504E-04  6.3504E-04  6.3504E-04  6.3504E-04  6.3504E-04  6.3504E-04  6.3504E-04  6.3504E-04   4
6368890   3  6.3504E-04  6.3504E-04  6.3504E-04  6.3504E-04  6.3504E-04  6.3504E-04  6.3504E-04  6.3504E-04  6.3504E-04  6.3504E-04  6.3504E-04  6.3504E-04  6.3504E-04  6.3504E-04  6.3504E-04  6.3504E-04  6.3504E-04  6.3504E-04  6.3504E-04  6.3504E-04  6.3504E-04  6.3504E-04  6.3504E-04  6.3504E-04   4
6387938   4  6.3504E-04  6.3504E-04  6.3504E-04  6.3504E-04  6.3504E-04  6.3504E-04  6.3504E-04  6.3504E-04  6.3504E-04  6.3504E-04  6.3504E-04  6.3504E-04  6.3504E-04  6.3504E-04  6.3504E-04  6.3504E-04  6.3504E-04  6.3504E-04  6.3504E-04  6.3504E-04  6.3504E-04  6.3504E-04  6.3504E-04  6.3504E-04   5
6387942   6  6.3504E-04  6.3504E-04  6.3504E-04  6.3504E-04  6.3504E-04  6.3504E-04  6.3504E-04  6.3504E-04  6.3504E-04  6.3504E-04  6.3504E-04  6.3504E-04  6.3504E-04  6.3504E-04  6.3504E-04  6.3504E-04  6.3504E-04  6.3504E-04  6.3504E-04  6.3504E-04  6.3504E-04  6.3504E-04  6.3504E-04  6.3504E-04   7
6387945   6  5.3824E-04  5.3824E-04  5.3824E-04  5.3824E-04  5.3824E-04  5.3824E-04  5.3824E-04  5.3824E-04  5.3824E-04  5.3824E-04  5.3824E-04  5.3824E-04  5.3824E-04  5.3824E-04  5.3824E-04  5.3824E-04  5.3824E-04  5.3824E-04  5.3824E-04  5.3824E-04  5.3824E-04  5.3824E-04  5.3824E-04  5.3824E-04   7
6384770   5  5.3824E-04  5.3824E-04  5.3824E-04  5.3824E-04  5.3824E-04  5.3824E-04  5.3824E-04  5.3824E-04  5.3824E-04  5.3824E-04  5.3824E-04  5.3824E-04  5.3824E-04  5.3824E-04  5.3824E-04  5.3824E-04  5.3824E-04  5.3824E-04  5.3824E-04  5.3824E-04  5.3824E-04  5.3824E-04  5.3824E-04  5.3824E-04   6
6413363   5  1.8304E-02  1.8304E-02  1.8304E-02  1.8304E-02  1.8304E-02  1.8304E-02  1.8304E-02  1.8304E-02  1.8304E-02  1.8304E-02  1.8304E-02  1.8304E-02  1.8304E-02  1.8304E-02  1.8304E-02  1.8304E-02  1.8304E-02  1.8304E-02  1.8304E-02  1.8304E-02  1.8304E-02  1.8304E-02  1.8304E-02  1.8304E-02   6
6426075   5  1.8304E-02  1.8304E-02  1.8304E-02  1.8304E-02  1.8304E-02  1.8304E-02  1.8304E-02  1.8304E-02  1.8304E-02  1.8304E-02  1.8304E-02  1.8304E-02  1.8304E-02  1.8304E-02  1.8304E-02  1.8304E-02  1.8304E-02  1.8304E-02  1.8304E-02  1.8304E-02  1.8304E-02  1.8304E-02  1.8304E-02  1.8304E-02   6
6426079   2  1.8304E-02  1.8304E-02  1.8304E-02  1.8304E-02  1.8304E-02  1.8304E-02  1.8304E-02  1.8304E-02  1.8304E-02  1.8304E-02  1.8304E-02  1.8304E-02  1.8304E-02  1.8304E-02  1.8304E-02  1.8304E-02  1.8304E-02  1.8304E-02  1.8304E-02  1.8304E-02  1.8304E-02  1.8304E-02  1.8304E-02  1.8304E-02   3
6426082   2  1.8304E-02  1.8304E-02  1.8304E-02  1.8304E-02  1.8304E-02  1.8304E-02  1.8304E-02  1.8304E-02  1.8304E-02  1.8304E-02  1.8304E-02  1.8304E-02  1.8304E-02  1.8304E-02  1.8304E-02  1.8304E-02  1.8304E-02  1.8304E-02  1.8304E-02  1.8304E-02  1.8304E-02  1.8304E-02  1.8304E-02  1.8304E-02   3
6441963   2  5.8128E-02  5.8128E-02  5.8128E-02  5.8128E-02  5.8128E-02  5.8128E-02  5.8128E-02  5.8128E-02  5.8128E-02  5.8128E-02  5.8128E-02  5.8128E-02  5.8128E-02  5.8128E-02  5.8128E-02  5.8128E-02  5.8128E-02  5.8128E-02  5.8128E-02  5.8128E-02  5.8128E-02  5.8128E-02  5.8128E-02  5.8128E-02   3
6438788   2  2.3136E-02  2.3136E-02  2.3136E-02  2.3136E-02  2.3136E-02  2.3136E-02  2.3136E-02  2.3136E-02  2.3136E-02  2.3136E-02  2.3136E-02  2.3136E-02  2.3136E-02  2.3136E-02  2.3136E-02  2.3136E-02  2.3136E-02  2.3136E-02  2.3136E-02  2.3136E-02  2.3136E-02  2.3136E-02  2.3136E-02  2.3136E-02   3
6438791   2  4.1440E-02  4.1440E-02  4.1440E-02  4.1440E-02  4.1440E-02  4.1440E-02  4.1440E-02  4.1440E-02  4.1440E-02  4.1440E-02  4.1440E-02  4.1440E-02  4.1440E-02  4.1440E-02  4.1440E-02  4.1440E-02  4.1440E-02  4.1440E-02  4.1440E-02  4.1440E-02  4.1440E-02  4.1440E-02  4.1440E-02  4.1440E-02   3
6435620   2  1.8304E-02  1.8304E-02  1.8304E-02  1.8304E-02  1.8304E-02  1.8304E-02  1.8304E-02  1.8304E-02  1.8304E-02  1.8304E-02  1.8304E-02  1.8304E-02  1.8304E-02  1.8304E-02  1.8304E-02  1.8304E-02  1.8304E-02  1.8304E-02  1.8304E-02  1.8304E-02  1.8304E-02  1.8304E-02  1.8304E-02  1.8304E-02   3
6448329   2  2.3136E-02  2.3136E-02  2.3136E-02  2.3136E-02  2.3136E-02  2.3136E-02  2.3136E-02  2.3136E-02  2.3136E-02  2.3136E-02  2.3136E-02  2.3136E-02  2.3136E-02  2.3136E-02  2.3136E-02  2.3136E-02  2.3136E-02  2.3136E-02  2.3136E-02  2.3136E-02  2.3136E-02  2.3136E-02  2.3136E-02  2.3136E-02   3
