POA Emissions
         167 2016-05-11_00:00:00, WND
6426118   1  1.5787E+02  1.5787E+02  1.5787E+02  1.5787E+02  1.5787E+02  1.5787E+02  1.5787E+02  1.5787E+02  1.5787E+02  1.5787E+02  1.5787E+02  1.5787E+02  1.5787E+02  1.5787E+02  1.5787E+02  1.5787E+02  1.5787E+02  1.5787E+02  1.5787E+02  1.5787E+02  1.5787E+02  1.5787E+02  1.5787E+02  1.5787E+02   2
6419754   1  3.0081E+00  3.0081E+00  3.0081E+00  3.0081E+00  3.0081E+00  3.0081E+00  3.0081E+00  3.0081E+00  3.0081E+00  3.0081E+00  3.0081E+00  3.0081E+00  3.0081E+00  3.0081E+00  3.0081E+00  3.0081E+00  3.0081E+00  3.0081E+00  3.0081E+00  3.0081E+00  3.0081E+00  3.0081E+00  3.0081E+00  3.0081E+00   2
6441990   1  2.8178E+02  2.8178E+02  2.8178E+02  2.8178E+02  2.8178E+02  2.8178E+02  2.8178E+02  2.8178E+02  2.8178E+02  2.8178E+02  2.8178E+02  2.8178E+02  2.8178E+02  2.8178E+02  2.8178E+02  2.8178E+02  2.8178E+02  2.8178E+02  2.8178E+02  2.8178E+02  2.8178E+02  2.8178E+02  2.8178E+02  2.8178E+02   2
6426087   1  1.1215E+02  1.1215E+02  1.1215E+02  1.1215E+02  1.1215E+02  1.1215E+02  1.1215E+02  1.1215E+02  1.1215E+02  1.1215E+02  1.1215E+02  1.1215E+02  1.1215E+02  1.1215E+02  1.1215E+02  1.1215E+02  1.1215E+02  1.1215E+02  1.1215E+02  1.1215E+02  1.1215E+02  1.1215E+02  1.1215E+02  1.1215E+02   2
6391124   1  5.7529E+04  5.7529E+04  5.7529E+04  5.7529E+04  5.7529E+04  5.7529E+04  5.7529E+04  5.7529E+04  5.7529E+04  5.7529E+04  5.7529E+04  5.7529E+04  5.7529E+04  5.7529E+04  5.7529E+04  5.7529E+04  5.7529E+04  5.7529E+04  5.7529E+04  5.7529E+04  5.7529E+04  5.7529E+04  5.7529E+04  5.7529E+04   2
6445165   1  9.6960E-02  9.2940E-02  7.7580E-02  5.9694E-02  4.6914E-02  3.9798E-02  3.6144E-02  3.3954E-02  3.3222E-02  3.4134E-02  3.8334E-02  4.5636E-02  5.6772E-02  7.0800E-02  8.5260E-02  9.6360E-02  1.0422E-01  1.1028E-01  1.1316E-01  1.1520E-01  1.1592E-01  1.1388E-01  1.0842E-01  1.0002E-01   2
6416566   1  1.7051E+00  1.6341E+00  1.3644E+00  1.0502E+00  8.2492E-01  6.9994E-01  6.3574E-01  5.9723E-01  5.8439E-01  6.0044E-01  6.7426E-01  8.0240E-01  9.9835E-01  1.2456E+00  1.4996E+00  1.6955E+00  1.8334E+00  1.9394E+00  1.9906E+00  2.0261E+00  2.0390E+00  2.0035E+00  1.9072E+00  1.7597E+00   2
6422914   1  8.1333E+00  7.8154E+00  6.5975E+00  5.1784E+00  4.1634E+00  3.5987E+00  3.3092E+00  3.1352E+00  3.0772E+00  3.1497E+00  3.4828E+00  4.0620E+00  4.9455E+00  6.0621E+00  7.2049E+00  8.0907E+00  8.7129E+00  9.1915E+00  9.4225E+00  9.5824E+00  9.6392E+00  9.4806E+00  9.0455E+00  8.3803E+00   2
6429274   1  2.0415E+00  2.0307E+00  1.9894E+00  1.9412E+00  1.9068E+00  1.8876E+00  1.8778E+00  1.8719E+00  1.8699E+00  1.8724E+00  1.8837E+00  1.9033E+00  1.9333E+00  1.9712E+00  2.0100E+00  2.0401E+00  2.0612E+00  2.0775E+00  2.0853E+00  2.0907E+00  2.0926E+00  2.0872E+00  2.0725E+00  2.0498E+00   2
6391125   1  1.2656E-03  1.2656E-03  1.2656E-03  1.2656E-03  1.2656E-03  1.2656E-03  1.2656E-03  1.2656E-03  1.2656E-03  1.2656E-03  1.2656E-03  1.2656E-03  1.2656E-03  1.2656E-03  1.2656E-03  1.2656E-03  1.2656E-03  1.2656E-03  1.2656E-03  1.2656E-03  1.2656E-03  1.2656E-03  1.2656E-03  1.2656E-03   2
6448343   1  1.1347E+00  1.1233E+00  1.0801E+00  1.0297E+00  9.9373E-01  9.7363E-01  9.6337E-01  9.5719E-01  9.5509E-01  9.5767E-01  9.6955E-01  9.9013E-01  1.0215E+00  1.0611E+00  1.1017E+00  1.1331E+00  1.1552E+00  1.1722E+00  1.1804E+00  1.1861E+00  1.1882E+00  1.1825E+00  1.1671E+00  1.1434E+00   2
6416565   1  5.0863E+00  5.0863E+00  5.0863E+00  5.0863E+00  5.0863E+00  5.0863E+00  5.0863E+00  5.0863E+00  5.0863E+00  5.0863E+00  5.0863E+00  5.0863E+00  5.0863E+00  5.0863E+00  5.0863E+00  5.0863E+00  5.0863E+00  5.0863E+00  5.0863E+00  5.0863E+00  5.0863E+00  5.0863E+00  5.0863E+00  5.0863E+00   2
6445174   1  6.0162E+00  6.0162E+00  6.0162E+00  6.0162E+00  6.0162E+00  6.0162E+00  6.0162E+00  6.0162E+00  6.0162E+00  6.0162E+00  6.0162E+00  6.0162E+00  6.0162E+00  6.0162E+00  6.0162E+00  6.0162E+00  6.0162E+00  6.0162E+00  6.0162E+00  6.0162E+00  6.0162E+00  6.0162E+00  6.0162E+00  6.0162E+00   2
6410197   3  7.9120E+01  7.5836E+01  6.3321E+01  4.8718E+01  3.8291E+01  3.2478E+01  2.9499E+01  2.7711E+01  2.7115E+01  2.7861E+01  3.1290E+01  3.7247E+01  4.6334E+01  5.7806E+01  6.9578E+01  7.8668E+01  8.5070E+01  8.9985E+01  9.2377E+01  9.4016E+01  9.4612E+01  9.2969E+01  8.8491E+01  8.1641E+01   4
6413390   3  4.9285E+01  4.9285E+01  4.9285E+01  4.9285E+01  4.9285E+01  4.9285E+01  4.9285E+01  4.9285E+01  4.9285E+01  4.9285E+01  4.9285E+01  4.9285E+01  4.9285E+01  4.9285E+01  4.9285E+01  4.9285E+01  4.9285E+01  4.9285E+01  4.9285E+01  4.9285E+01  4.9285E+01  4.9285E+01  4.9285E+01  4.9285E+01   4
6445167   7  2.7312E+01  2.7312E+01  2.7312E+01  2.7312E+01  2.7312E+01  2.7312E+01  2.7312E+01  2.7312E+01  2.7312E+01  2.7312E+01  2.7312E+01  2.7312E+01  2.7312E+01  2.7312E+01  2.7312E+01  2.7312E+01  2.7312E+01  2.7312E+01  2.7312E+01  2.7312E+01  2.7312E+01  2.7312E+01  2.7312E+01  2.7312E+01   8
6441989   3  4.2395E+01  4.0627E+01  3.3930E+01  2.6102E+01  2.0516E+01  1.7404E+01  1.5808E+01  1.4848E+01  1.4530E+01  1.4928E+01  1.6765E+01  1.9957E+01  2.4829E+01  3.0983E+01  3.7279E+01  4.2160E+01  4.5579E+01  4.8219E+01  4.9493E+01  5.0365E+01  5.0695E+01  4.9823E+01  4.7418E+01  4.3739E+01   4
6429268   1  1.2776E-01  1.2776E-01  1.2776E-01  1.2776E-01  1.2776E-01  1.2776E-01  1.2776E-01  1.2776E-01  1.2776E-01  1.2776E-01  1.2776E-01  1.2776E-01  1.2776E-01  1.2776E-01  1.2776E-01  1.2776E-01  1.2776E-01  1.2776E-01  1.2776E-01  1.2776E-01  1.2776E-01  1.2776E-01  1.2776E-01  1.2776E-01   2
6429278   2  3.9535E+00  3.9535E+00  3.9535E+00  3.9535E+00  3.9535E+00  3.9535E+00  3.9535E+00  3.9535E+00  3.9535E+00  3.9535E+00  3.9535E+00  3.9535E+00  3.9535E+00  3.9535E+00  3.9535E+00  3.9535E+00  3.9535E+00  3.9535E+00  3.9535E+00  3.9535E+00  3.9535E+00  3.9535E+00  3.9535E+00  3.9535E+00   3
6426100   3  2.4958E-01  2.4958E-01  2.4958E-01  2.4958E-01  2.4958E-01  2.4958E-01  2.4958E-01  2.4958E-01  2.4958E-01  2.4958E-01  2.4958E-01  2.4958E-01  2.4958E-01  2.4958E-01  2.4958E-01  2.4958E-01  2.4958E-01  2.4958E-01  2.4958E-01  2.4958E-01  2.4958E-01  2.4958E-01  2.4958E-01  2.4958E-01   4
6419743   2  3.4686E+01  3.4686E+01  3.4686E+01  3.4686E+01  3.4686E+01  3.4686E+01  3.4686E+01  3.4686E+01  3.4686E+01  3.4686E+01  3.4686E+01  3.4686E+01  3.4686E+01  3.4686E+01  3.4686E+01  3.4686E+01  3.4686E+01  3.4686E+01  3.4686E+01  3.4686E+01  3.4686E+01  3.4686E+01  3.4686E+01  3.4686E+01   3
6422921   3  5.1346E+00  5.1346E+00  5.1346E+00  5.1346E+00  5.1346E+00  5.1346E+00  5.1346E+00  5.1346E+00  5.1346E+00  5.1346E+00  5.1346E+00  5.1346E+00  5.1346E+00  5.1346E+00  5.1346E+00  5.1346E+00  5.1346E+00  5.1346E+00  5.1346E+00  5.1346E+00  5.1346E+00  5.1346E+00  5.1346E+00  5.1346E+00   4
6416559   3  2.3818E-01  2.3818E-01  2.3818E-01  2.3818E-01  2.3818E-01  2.3818E-01  2.3818E-01  2.3818E-01  2.3818E-01  2.3818E-01  2.3818E-01  2.3818E-01  2.3818E-01  2.3818E-01  2.3818E-01  2.3818E-01  2.3818E-01  2.3818E-01  2.3818E-01  2.3818E-01  2.3818E-01  2.3818E-01  2.3818E-01  2.3818E-01   4
6426088   2  1.2380E-01  1.2380E-01  1.2380E-01  1.2380E-01  1.2380E-01  1.2380E-01  1.2380E-01  1.2380E-01  1.2380E-01  1.2380E-01  1.2380E-01  1.2380E-01  1.2380E-01  1.2380E-01  1.2380E-01  1.2380E-01  1.2380E-01  1.2380E-01  1.2380E-01  1.2380E-01  1.2380E-01  1.2380E-01  1.2380E-01  1.2380E-01   3
6429265   2  1.2540E-03  1.2540E-03  1.2540E-03  1.2540E-03  1.2540E-03  1.2540E-03  1.2540E-03  1.2540E-03  1.2540E-03  1.2540E-03  1.2540E-03  1.2540E-03  1.2540E-03  1.2540E-03  1.2540E-03  1.2540E-03  1.2540E-03  1.2540E-03  1.2540E-03  1.2540E-03  1.2540E-03  1.2540E-03  1.2540E-03  1.2540E-03   3
6419737   2  4.0746E-02  4.0746E-02  4.0746E-02  4.0746E-02  4.0746E-02  4.0746E-02  4.0746E-02  4.0746E-02  4.0746E-02  4.0746E-02  4.0746E-02  4.0746E-02  4.0746E-02  4.0746E-02  4.0746E-02  4.0746E-02  4.0746E-02  4.0746E-02  4.0746E-02  4.0746E-02  4.0746E-02  4.0746E-02  4.0746E-02  4.0746E-02   3
6438804   1  6.4970E-01  6.4970E-01  6.4970E-01  6.4970E-01  6.4970E-01  6.4970E-01  6.4970E-01  6.4970E-01  6.4970E-01  6.4970E-01  6.4970E-01  6.4970E-01  6.4970E-01  6.4970E-01  6.4970E-01  6.4970E-01  6.4970E-01  6.4970E-01  6.4970E-01  6.4970E-01  6.4970E-01  6.4970E-01  6.4970E-01  6.4970E-01   2
6426090   1  3.4101E-01  3.4101E-01  3.4101E-01  3.4101E-01  3.4101E-01  3.4101E-01  3.4101E-01  3.4101E-01  3.4101E-01  3.4101E-01  3.4101E-01  3.4101E-01  3.4101E-01  3.4101E-01  3.4101E-01  3.4101E-01  3.4101E-01  3.4101E-01  3.4101E-01  3.4101E-01  3.4101E-01  3.4101E-01  3.4101E-01  3.4101E-01   2
6426096   2  1.2928E+00  1.2928E+00  1.2928E+00  1.2928E+00  1.2928E+00  1.2928E+00  1.2928E+00  1.2928E+00  1.2928E+00  1.2928E+00  1.2928E+00  1.2928E+00  1.2928E+00  1.2928E+00  1.2928E+00  1.2928E+00  1.2928E+00  1.2928E+00  1.2928E+00  1.2928E+00  1.2928E+00  1.2928E+00  1.2928E+00  1.2928E+00   3
6426089   1  8.1621E+01  8.1621E+01  8.1621E+01  8.1621E+01  8.1621E+01  8.1621E+01  8.1621E+01  8.1621E+01  8.1621E+01  8.1621E+01  8.1621E+01  8.1621E+01  8.1621E+01  8.1621E+01  8.1621E+01  8.1621E+01  8.1621E+01  8.1621E+01  8.1621E+01  8.1621E+01  8.1621E+01  8.1621E+01  8.1621E+01  8.1621E+01   2
6419741   2  7.5810E-01  7.5810E-01  7.5810E-01  7.5810E-01  7.5810E-01  7.5810E-01  7.5810E-01  7.5810E-01  7.5810E-01  7.5810E-01  7.5810E-01  7.5810E-01  7.5810E-01  7.5810E-01  7.5810E-01  7.5810E-01  7.5810E-01  7.5810E-01  7.5810E-01  7.5810E-01  7.5810E-01  7.5810E-01  7.5810E-01  7.5810E-01   3
6422920   2  3.4574E+00  3.4574E+00  3.4574E+00  3.4574E+00  3.4574E+00  3.4574E+00  3.4574E+00  3.4574E+00  3.4574E+00  3.4574E+00  3.4574E+00  3.4574E+00  3.4574E+00  3.4574E+00  3.4574E+00  3.4574E+00  3.4574E+00  3.4574E+00  3.4574E+00  3.4574E+00  3.4574E+00  3.4574E+00  3.4574E+00  3.4574E+00   3
6445168   3  5.6250E-01  5.6250E-01  5.6250E-01  5.6250E-01  5.6250E-01  5.6250E-01  5.6250E-01  5.6250E-01  5.6250E-01  5.6250E-01  5.6250E-01  5.6250E-01  5.6250E-01  5.6250E-01  5.6250E-01  5.6250E-01  5.6250E-01  5.6250E-01  5.6250E-01  5.6250E-01  5.6250E-01  5.6250E-01  5.6250E-01  5.6250E-01   4
6441985   2  2.8332E-01  2.8332E-01  2.8332E-01  2.8332E-01  2.8332E-01  2.8332E-01  2.8332E-01  2.8332E-01  2.8332E-01  2.8332E-01  2.8332E-01  2.8332E-01  2.8332E-01  2.8332E-01  2.8332E-01  2.8332E-01  2.8332E-01  2.8332E-01  2.8332E-01  2.8332E-01  2.8332E-01  2.8332E-01  2.8332E-01  2.8332E-01   3
6426098   2  1.2457E+00  1.2457E+00  1.2457E+00  1.2457E+00  1.2457E+00  1.2457E+00  1.2457E+00  1.2457E+00  1.2457E+00  1.2457E+00  1.2457E+00  1.2457E+00  1.2457E+00  1.2457E+00  1.2457E+00  1.2457E+00  1.2457E+00  1.2457E+00  1.2457E+00  1.2457E+00  1.2457E+00  1.2457E+00  1.2457E+00  1.2457E+00   3
6435629   4  4.1794E-03  4.1794E-03  4.1794E-03  4.1794E-03  4.1794E-03  4.1794E-03  4.1794E-03  4.1794E-03  4.1794E-03  4.1794E-03  4.1794E-03  4.1794E-03  4.1794E-03  4.1794E-03  4.1794E-03  4.1794E-03  4.1794E-03  4.1794E-03  4.1794E-03  4.1794E-03  4.1794E-03  4.1794E-03  4.1794E-03  4.1794E-03   5
6419742   2  3.7290E+00  3.7290E+00  3.7290E+00  3.7290E+00  3.7290E+00  3.7290E+00  3.7290E+00  3.7290E+00  3.7290E+00  3.7290E+00  3.7290E+00  3.7290E+00  3.7290E+00  3.7290E+00  3.7290E+00  3.7290E+00  3.7290E+00  3.7290E+00  3.7290E+00  3.7290E+00  3.7290E+00  3.7290E+00  3.7290E+00  3.7290E+00   3
6422918   2  1.7598E-01  1.7598E-01  1.7598E-01  1.7598E-01  1.7598E-01  1.7598E-01  1.7598E-01  1.7598E-01  1.7598E-01  1.7598E-01  1.7598E-01  1.7598E-01  1.7598E-01  1.7598E-01  1.7598E-01  1.7598E-01  1.7598E-01  1.7598E-01  1.7598E-01  1.7598E-01  1.7598E-01  1.7598E-01  1.7598E-01  1.7598E-01   3
6432451   3  6.6975E+00  6.6975E+00  6.6975E+00  6.6975E+00  6.6975E+00  6.6975E+00  6.6975E+00  6.6975E+00  6.6975E+00  6.6975E+00  6.6975E+00  6.6975E+00  6.6975E+00  6.6975E+00  6.6975E+00  6.6975E+00  6.6975E+00  6.6975E+00  6.6975E+00  6.6975E+00  6.6975E+00  6.6975E+00  6.6975E+00  6.6975E+00   4
6416576   5  2.0865E-02  2.0865E-02  2.0865E-02  2.0865E-02  2.0865E-02  2.0865E-02  2.0865E-02  2.0865E-02  2.0865E-02  2.0865E-02  2.0865E-02  2.0865E-02  2.0865E-02  2.0865E-02  2.0865E-02  2.0865E-02  2.0865E-02  2.0865E-02  2.0865E-02  2.0865E-02  2.0865E-02  2.0865E-02  2.0865E-02  2.0865E-02   6
6435627   5  4.4726E+00  4.4726E+00  4.4726E+00  4.4726E+00  4.4726E+00  4.4726E+00  4.4726E+00  4.4726E+00  4.4726E+00  4.4726E+00  4.4726E+00  4.4726E+00  4.4726E+00  4.4726E+00  4.4726E+00  4.4726E+00  4.4726E+00  4.4726E+00  4.4726E+00  4.4726E+00  4.4726E+00  4.4726E+00  4.4726E+00  4.4726E+00   6
6435617   2  2.7838E+00  2.7838E+00  2.7838E+00  2.7838E+00  2.7838E+00  2.7838E+00  2.7838E+00  2.7838E+00  2.7838E+00  2.7838E+00  2.7838E+00  2.7838E+00  2.7838E+00  2.7838E+00  2.7838E+00  2.7838E+00  2.7838E+00  2.7838E+00  2.7838E+00  2.7838E+00  2.7838E+00  2.7838E+00  2.7838E+00  2.7838E+00   3
6429288   4  4.2458E-01  4.2458E-01  4.2458E-01  4.2458E-01  4.2458E-01  4.2458E-01  4.2458E-01  4.2458E-01  4.2458E-01  4.2458E-01  4.2458E-01  4.2458E-01  4.2458E-01  4.2458E-01  4.2458E-01  4.2458E-01  4.2458E-01  4.2458E-01  4.2458E-01  4.2458E-01  4.2458E-01  4.2458E-01  4.2458E-01  4.2458E-01   5
6445154   3  4.9369E-01  4.9369E-01  4.9369E-01  4.9369E-01  4.9369E-01  4.9369E-01  4.9369E-01  4.9369E-01  4.9369E-01  4.9369E-01  4.9369E-01  4.9369E-01  4.9369E-01  4.9369E-01  4.9369E-01  4.9369E-01  4.9369E-01  4.9369E-01  4.9369E-01  4.9369E-01  4.9369E-01  4.9369E-01  4.9369E-01  4.9369E-01   4
6400661   5  2.5766E-01  2.5766E-01  2.5766E-01  2.5766E-01  2.5766E-01  2.5766E-01  2.5766E-01  2.5766E-01  2.5766E-01  2.5766E-01  2.5766E-01  2.5766E-01  2.5766E-01  2.5766E-01  2.5766E-01  2.5766E-01  2.5766E-01  2.5766E-01  2.5766E-01  2.5766E-01  2.5766E-01  2.5766E-01  2.5766E-01  2.5766E-01   6
6441978   3  2.9842E-03  2.9842E-03  2.9842E-03  2.9842E-03  2.9842E-03  2.9842E-03  2.9842E-03  2.9842E-03  2.9842E-03  2.9842E-03  2.9842E-03  2.9842E-03  2.9842E-03  2.9842E-03  2.9842E-03  2.9842E-03  2.9842E-03  2.9842E-03  2.9842E-03  2.9842E-03  2.9842E-03  2.9842E-03  2.9842E-03  2.9842E-03   4
6422919   2  2.6789E+00  2.6789E+00  2.6789E+00  2.6789E+00  2.6789E+00  2.6789E+00  2.6789E+00  2.6789E+00  2.6789E+00  2.6789E+00  2.6789E+00  2.6789E+00  2.6789E+00  2.6789E+00  2.6789E+00  2.6789E+00  2.6789E+00  2.6789E+00  2.6789E+00  2.6789E+00  2.6789E+00  2.6789E+00  2.6789E+00  2.6789E+00   3
6448344   2  5.9611E+00  5.9611E+00  5.9611E+00  5.9611E+00  5.9611E+00  5.9611E+00  5.9611E+00  5.9611E+00  5.9611E+00  5.9611E+00  5.9611E+00  5.9611E+00  5.9611E+00  5.9611E+00  5.9611E+00  5.9611E+00  5.9611E+00  5.9611E+00  5.9611E+00  5.9611E+00  5.9611E+00  5.9611E+00  5.9611E+00  5.9611E+00   3
6435628   3  4.6780E-01  4.6780E-01  4.6780E-01  4.6780E-01  4.6780E-01  4.6780E-01  4.6780E-01  4.6780E-01  4.6780E-01  4.6780E-01  4.6780E-01  4.6780E-01  4.6780E-01  4.6780E-01  4.6780E-01  4.6780E-01  4.6780E-01  4.6780E-01  4.6780E-01  4.6780E-01  4.6780E-01  4.6780E-01  4.6780E-01  4.6780E-01   4
6413381   3  7.1883E-02  7.1883E-02  7.1883E-02  7.1883E-02  7.1883E-02  7.1883E-02  7.1883E-02  7.1883E-02  7.1883E-02  7.1883E-02  7.1883E-02  7.1883E-02  7.1883E-02  7.1883E-02  7.1883E-02  7.1883E-02  7.1883E-02  7.1883E-02  7.1883E-02  7.1883E-02  7.1883E-02  7.1883E-02  7.1883E-02  7.1883E-02   4
6438808   2  1.1576E+00  1.1576E+00  1.1576E+00  1.1576E+00  1.1576E+00  1.1576E+00  1.1576E+00  1.1576E+00  1.1576E+00  1.1576E+00  1.1576E+00  1.1576E+00  1.1576E+00  1.1576E+00  1.1576E+00  1.1576E+00  1.1576E+00  1.1576E+00  1.1576E+00  1.1576E+00  1.1576E+00  1.1576E+00  1.1576E+00  1.1576E+00   3
6435622   2  2.3401E-03  2.3401E-03  2.3401E-03  2.3401E-03  2.3401E-03  2.3401E-03  2.3401E-03  2.3401E-03  2.3401E-03  2.3401E-03  2.3401E-03  2.3401E-03  2.3401E-03  2.3401E-03  2.3401E-03  2.3401E-03  2.3401E-03  2.3401E-03  2.3401E-03  2.3401E-03  2.3401E-03  2.3401E-03  2.3401E-03  2.3401E-03   3
6438813   2  5.5159E-02  5.5159E-02  5.5159E-02  5.5159E-02  5.5159E-02  5.5159E-02  5.5159E-02  5.5159E-02  5.5159E-02  5.5159E-02  5.5159E-02  5.5159E-02  5.5159E-02  5.5159E-02  5.5159E-02  5.5159E-02  5.5159E-02  5.5159E-02  5.5159E-02  5.5159E-02  5.5159E-02  5.5159E-02  5.5159E-02  5.5159E-02   3
6438803   2  7.0203E-02  7.0203E-02  7.0203E-02  7.0203E-02  7.0203E-02  7.0203E-02  7.0203E-02  7.0203E-02  7.0203E-02  7.0203E-02  7.0203E-02  7.0203E-02  7.0203E-02  7.0203E-02  7.0203E-02  7.0203E-02  7.0203E-02  7.0203E-02  7.0203E-02  7.0203E-02  7.0203E-02  7.0203E-02  7.0203E-02  7.0203E-02   3
6422940   3  1.1791E+02  1.1791E+02  1.1791E+02  1.1791E+02  1.1791E+02  1.1791E+02  1.1791E+02  1.1791E+02  1.1791E+02  1.1791E+02  1.1791E+02  1.1791E+02  1.1791E+02  1.1791E+02  1.1791E+02  1.1791E+02  1.1791E+02  1.1791E+02  1.1791E+02  1.1791E+02  1.1791E+02  1.1791E+02  1.1791E+02  1.1791E+02   4
6432439   5  5.3136E-01  5.3136E-01  5.3136E-01  5.3136E-01  5.3136E-01  5.3136E-01  5.3136E-01  5.3136E-01  5.3136E-01  5.3136E-01  5.3136E-01  5.3136E-01  5.3136E-01  5.3136E-01  5.3136E-01  5.3136E-01  5.3136E-01  5.3136E-01  5.3136E-01  5.3136E-01  5.3136E-01  5.3136E-01  5.3136E-01  5.3136E-01   6
6441986   2  8.6007E-02  8.6007E-02  8.6007E-02  8.6007E-02  8.6007E-02  8.6007E-02  8.6007E-02  8.6007E-02  8.6007E-02  8.6007E-02  8.6007E-02  8.6007E-02  8.6007E-02  8.6007E-02  8.6007E-02  8.6007E-02  8.6007E-02  8.6007E-02  8.6007E-02  8.6007E-02  8.6007E-02  8.6007E-02  8.6007E-02  8.6007E-02   3
6441980   3  1.1116E-01  1.1116E-01  1.1116E-01  1.1116E-01  1.1116E-01  1.1116E-01  1.1116E-01  1.1116E-01  1.1116E-01  1.1116E-01  1.1116E-01  1.1116E-01  1.1116E-01  1.1116E-01  1.1116E-01  1.1116E-01  1.1116E-01  1.1116E-01  1.1116E-01  1.1116E-01  1.1116E-01  1.1116E-01  1.1116E-01  1.1116E-01   4
6429279   4  2.8129E-01  2.8129E-01  2.8129E-01  2.8129E-01  2.8129E-01  2.8129E-01  2.8129E-01  2.8129E-01  2.8129E-01  2.8129E-01  2.8129E-01  2.8129E-01  2.8129E-01  2.8129E-01  2.8129E-01  2.8129E-01  2.8129E-01  2.8129E-01  2.8129E-01  2.8129E-01  2.8129E-01  2.8129E-01  2.8129E-01  2.8129E-01   5
6432454   2  2.8297E+00  2.8297E+00  2.8297E+00  2.8297E+00  2.8297E+00  2.8297E+00  2.8297E+00  2.8297E+00  2.8297E+00  2.8297E+00  2.8297E+00  2.8297E+00  2.8297E+00  2.8297E+00  2.8297E+00  2.8297E+00  2.8297E+00  2.8297E+00  2.8297E+00  2.8297E+00  2.8297E+00  2.8297E+00  2.8297E+00  2.8297E+00   3
6448335   2  4.0653E-01  4.0653E-01  4.0653E-01  4.0653E-01  4.0653E-01  4.0653E-01  4.0653E-01  4.0653E-01  4.0653E-01  4.0653E-01  4.0653E-01  4.0653E-01  4.0653E-01  4.0653E-01  4.0653E-01  4.0653E-01  4.0653E-01  4.0653E-01  4.0653E-01  4.0653E-01  4.0653E-01  4.0653E-01  4.0653E-01  4.0653E-01   3
6445158   2  3.1073E-01  3.1073E-01  3.1073E-01  3.1073E-01  3.1073E-01  3.1073E-01  3.1073E-01  3.1073E-01  3.1073E-01  3.1073E-01  3.1073E-01  3.1073E-01  3.1073E-01  3.1073E-01  3.1073E-01  3.1073E-01  3.1073E-01  3.1073E-01  3.1073E-01  3.1073E-01  3.1073E-01  3.1073E-01  3.1073E-01  3.1073E-01   3
6387947   2  3.4861E-01  3.4861E-01  3.4861E-01  3.4861E-01  3.4861E-01  3.4861E-01  3.4861E-01  3.4861E-01  3.4861E-01  3.4861E-01  3.4861E-01  3.4861E-01  3.4861E-01  3.4861E-01  3.4861E-01  3.4861E-01  3.4861E-01  3.4861E-01  3.4861E-01  3.4861E-01  3.4861E-01  3.4861E-01  3.4861E-01  3.4861E-01   3
6426099   5  1.6732E-01  1.6732E-01  1.6732E-01  1.6732E-01  1.6732E-01  1.6732E-01  1.6732E-01  1.6732E-01  1.6732E-01  1.6732E-01  1.6732E-01  1.6732E-01  1.6732E-01  1.6732E-01  1.6732E-01  1.6732E-01  1.6732E-01  1.6732E-01  1.6732E-01  1.6732E-01  1.6732E-01  1.6732E-01  1.6732E-01  1.6732E-01   6
6410213   3  3.4685E-01  3.4685E-01  3.4685E-01  3.4685E-01  3.4685E-01  3.4685E-01  3.4685E-01  3.4685E-01  3.4685E-01  3.4685E-01  3.4685E-01  3.4685E-01  3.4685E-01  3.4685E-01  3.4685E-01  3.4685E-01  3.4685E-01  3.4685E-01  3.4685E-01  3.4685E-01  3.4685E-01  3.4685E-01  3.4685E-01  3.4685E-01   4
6422927   2  1.0871E+00  1.0871E+00  1.0871E+00  1.0871E+00  1.0871E+00  1.0871E+00  1.0871E+00  1.0871E+00  1.0871E+00  1.0871E+00  1.0871E+00  1.0871E+00  1.0871E+00  1.0871E+00  1.0871E+00  1.0871E+00  1.0871E+00  1.0871E+00  1.0871E+00  1.0871E+00  1.0871E+00  1.0871E+00  1.0871E+00  1.0871E+00   3
6438815   2  1.7355E-02  1.7355E-02  1.7355E-02  1.7355E-02  1.7355E-02  1.7355E-02  1.7355E-02  1.7355E-02  1.7355E-02  1.7355E-02  1.7355E-02  1.7355E-02  1.7355E-02  1.7355E-02  1.7355E-02  1.7355E-02  1.7355E-02  1.7355E-02  1.7355E-02  1.7355E-02  1.7355E-02  1.7355E-02  1.7355E-02  1.7355E-02   3
6432456   3  2.3572E-01  2.3572E-01  2.3572E-01  2.3572E-01  2.3572E-01  2.3572E-01  2.3572E-01  2.3572E-01  2.3572E-01  2.3572E-01  2.3572E-01  2.3572E-01  2.3572E-01  2.3572E-01  2.3572E-01  2.3572E-01  2.3572E-01  2.3572E-01  2.3572E-01  2.3572E-01  2.3572E-01  2.3572E-01  2.3572E-01  2.3572E-01   4
6435625   3  2.8623E-02  2.8623E-02  2.8623E-02  2.8623E-02  2.8623E-02  2.8623E-02  2.8623E-02  2.8623E-02  2.8623E-02  2.8623E-02  2.8623E-02  2.8623E-02  2.8623E-02  2.8623E-02  2.8623E-02  2.8623E-02  2.8623E-02  2.8623E-02  2.8623E-02  2.8623E-02  2.8623E-02  2.8623E-02  2.8623E-02  2.8623E-02   4
6442004   1  2.9254E-01  2.9254E-01  2.9254E-01  2.9254E-01  2.9254E-01  2.9254E-01  2.9254E-01  2.9254E-01  2.9254E-01  2.9254E-01  2.9254E-01  2.9254E-01  2.9254E-01  2.9254E-01  2.9254E-01  2.9254E-01  2.9254E-01  2.9254E-01  2.9254E-01  2.9254E-01  2.9254E-01  2.9254E-01  2.9254E-01  2.9254E-01   2
6426092   2  9.2885E-01  9.2885E-01  9.2885E-01  9.2885E-01  9.2885E-01  9.2885E-01  9.2885E-01  9.2885E-01  9.2885E-01  9.2885E-01  9.2885E-01  9.2885E-01  9.2885E-01  9.2885E-01  9.2885E-01  9.2885E-01  9.2885E-01  9.2885E-01  9.2885E-01  9.2885E-01  9.2885E-01  9.2885E-01  9.2885E-01  9.2885E-01   3
6413386   1  8.7430E-02  8.7430E-02  8.7430E-02  8.7430E-02  8.7430E-02  8.7430E-02  8.7430E-02  8.7430E-02  8.7430E-02  8.7430E-02  8.7430E-02  8.7430E-02  8.7430E-02  8.7430E-02  8.7430E-02  8.7430E-02  8.7430E-02  8.7430E-02  8.7430E-02  8.7430E-02  8.7430E-02  8.7430E-02  8.7430E-02  8.7430E-02   2
6416564   2  3.8479E-01  3.8479E-01  3.8479E-01  3.8479E-01  3.8479E-01  3.8479E-01  3.8479E-01  3.8479E-01  3.8479E-01  3.8479E-01  3.8479E-01  3.8479E-01  3.8479E-01  3.8479E-01  3.8479E-01  3.8479E-01  3.8479E-01  3.8479E-01  3.8479E-01  3.8479E-01  3.8479E-01  3.8479E-01  3.8479E-01  3.8479E-01   3
6413391   7  9.6118E-03  9.6118E-03  9.6118E-03  9.6118E-03  9.6118E-03  9.6118E-03  9.6118E-03  9.6118E-03  9.6118E-03  9.6118E-03  9.6118E-03  9.6118E-03  9.6118E-03  9.6118E-03  9.6118E-03  9.6118E-03  9.6118E-03  9.6118E-03  9.6118E-03  9.6118E-03  9.6118E-03  9.6118E-03  9.6118E-03  9.6118E-03   8
6441979   7  2.3818E-02  2.3818E-02  2.3818E-02  2.3818E-02  2.3818E-02  2.3818E-02  2.3818E-02  2.3818E-02  2.3818E-02  2.3818E-02  2.3818E-02  2.3818E-02  2.3818E-02  2.3818E-02  2.3818E-02  2.3818E-02  2.3818E-02  2.3818E-02  2.3818E-02  2.3818E-02  2.3818E-02  2.3818E-02  2.3818E-02  2.3818E-02   8
6416558   7  1.2448E+01  1.2448E+01  1.2448E+01  1.2448E+01  1.2448E+01  1.2448E+01  1.2448E+01  1.2448E+01  1.2448E+01  1.2448E+01  1.2448E+01  1.2448E+01  1.2448E+01  1.2448E+01  1.2448E+01  1.2448E+01  1.2448E+01  1.2448E+01  1.2448E+01  1.2448E+01  1.2448E+01  1.2448E+01  1.2448E+01  1.2448E+01   8
6410210   5  7.1166E-02  7.1166E-02  7.1166E-02  7.1166E-02  7.1166E-02  7.1166E-02  7.1166E-02  7.1166E-02  7.1166E-02  7.1166E-02  7.1166E-02  7.1166E-02  7.1166E-02  7.1166E-02  7.1166E-02  7.1166E-02  7.1166E-02  7.1166E-02  7.1166E-02  7.1166E-02  7.1166E-02  7.1166E-02  7.1166E-02  7.1166E-02   6
6426093   7  1.5258E-01  1.5258E-01  1.5258E-01  1.5258E-01  1.5258E-01  1.5258E-01  1.5258E-01  1.5258E-01  1.5258E-01  1.5258E-01  1.5258E-01  1.5258E-01  1.5258E-01  1.5258E-01  1.5258E-01  1.5258E-01  1.5258E-01  1.5258E-01  1.5258E-01  1.5258E-01  1.5258E-01  1.5258E-01  1.5258E-01  1.5258E-01   8
6435634   7  2.2566E-02  2.2566E-02  2.2566E-02  2.2566E-02  2.2566E-02  2.2566E-02  2.2566E-02  2.2566E-02  2.2566E-02  2.2566E-02  2.2566E-02  2.2566E-02  2.2566E-02  2.2566E-02  2.2566E-02  2.2566E-02  2.2566E-02  2.2566E-02  2.2566E-02  2.2566E-02  2.2566E-02  2.2566E-02  2.2566E-02  2.2566E-02   8
6419755   7  3.8777E-03  3.8777E-03  3.8777E-03  3.8777E-03  3.8777E-03  3.8777E-03  3.8777E-03  3.8777E-03  3.8777E-03  3.8777E-03  3.8777E-03  3.8777E-03  3.8777E-03  3.8777E-03  3.8777E-03  3.8777E-03  3.8777E-03  3.8777E-03  3.8777E-03  3.8777E-03  3.8777E-03  3.8777E-03  3.8777E-03  3.8777E-03   8
6426091   7  3.4326E-01  3.4326E-01  3.4326E-01  3.4326E-01  3.4326E-01  3.4326E-01  3.4326E-01  3.4326E-01  3.4326E-01  3.4326E-01  3.4326E-01  3.4326E-01  3.4326E-01  3.4326E-01  3.4326E-01  3.4326E-01  3.4326E-01  3.4326E-01  3.4326E-01  3.4326E-01  3.4326E-01  3.4326E-01  3.4326E-01  3.4326E-01   8
6407033   4  6.2606E-01  6.2606E-01  6.2606E-01  6.2606E-01  6.2606E-01  6.2606E-01  6.2606E-01  6.2606E-01  6.2606E-01  6.2606E-01  6.2606E-01  6.2606E-01  6.2606E-01  6.2606E-01  6.2606E-01  6.2606E-01  6.2606E-01  6.2606E-01  6.2606E-01  6.2606E-01  6.2606E-01  6.2606E-01  6.2606E-01  6.2606E-01   5
6448332   4  2.5815E+00  2.5815E+00  2.5815E+00  2.5815E+00  2.5815E+00  2.5815E+00  2.5815E+00  2.5815E+00  2.5815E+00  2.5815E+00  2.5815E+00  2.5815E+00  2.5815E+00  2.5815E+00  2.5815E+00  2.5815E+00  2.5815E+00  2.5815E+00  2.5815E+00  2.5815E+00  2.5815E+00  2.5815E+00  2.5815E+00  2.5815E+00   5
6397483   2  8.4412E-02  8.4412E-02  8.4412E-02  8.4412E-02  8.4412E-02  8.4412E-02  8.4412E-02  8.4412E-02  8.4412E-02  8.4412E-02  8.4412E-02  8.4412E-02  8.4412E-02  8.4412E-02  8.4412E-02  8.4412E-02  8.4412E-02  8.4412E-02  8.4412E-02  8.4412E-02  8.4412E-02  8.4412E-02  8.4412E-02  8.4412E-02   3
6448342   2  1.3375E-02  1.3375E-02  1.3375E-02  1.3375E-02  1.3375E-02  1.3375E-02  1.3375E-02  1.3375E-02  1.3375E-02  1.3375E-02  1.3375E-02  1.3375E-02  1.3375E-02  1.3375E-02  1.3375E-02  1.3375E-02  1.3375E-02  1.3375E-02  1.3375E-02  1.3375E-02  1.3375E-02  1.3375E-02  1.3375E-02  1.3375E-02   3
6416578   2  2.1668E+00  2.1668E+00  2.1668E+00  2.1668E+00  2.1668E+00  2.1668E+00  2.1668E+00  2.1668E+00  2.1668E+00  2.1668E+00  2.1668E+00  2.1668E+00  2.1668E+00  2.1668E+00  2.1668E+00  2.1668E+00  2.1668E+00  2.1668E+00  2.1668E+00  2.1668E+00  2.1668E+00  2.1668E+00  2.1668E+00  2.1668E+00   3
6381593   2  5.2803E-03  5.2803E-03  5.2803E-03  5.2803E-03  5.2803E-03  5.2803E-03  5.2803E-03  5.2803E-03  5.2803E-03  5.2803E-03  5.2803E-03  5.2803E-03  5.2803E-03  5.2803E-03  5.2803E-03  5.2803E-03  5.2803E-03  5.2803E-03  5.2803E-03  5.2803E-03  5.2803E-03  5.2803E-03  5.2803E-03  5.2803E-03   3
6426101   2  8.6927E-04  8.6927E-04  8.6927E-04  8.6927E-04  8.6927E-04  8.6927E-04  8.6927E-04  8.6927E-04  8.6927E-04  8.6927E-04  8.6927E-04  8.6927E-04  8.6927E-04  8.6927E-04  8.6927E-04  8.6927E-04  8.6927E-04  8.6927E-04  8.6927E-04  8.6927E-04  8.6927E-04  8.6927E-04  8.6927E-04  8.6927E-04   3
6438810   2  2.1732E-04  2.1732E-04  2.1732E-04  2.1732E-04  2.1732E-04  2.1732E-04  2.1732E-04  2.1732E-04  2.1732E-04  2.1732E-04  2.1732E-04  2.1732E-04  2.1732E-04  2.1732E-04  2.1732E-04  2.1732E-04  2.1732E-04  2.1732E-04  2.1732E-04  2.1732E-04  2.1732E-04  2.1732E-04  2.1732E-04  2.1732E-04   3
6407019   2  3.7611E-03  3.7611E-03  3.7611E-03  3.7611E-03  3.7611E-03  3.7611E-03  3.7611E-03  3.7611E-03  3.7611E-03  3.7611E-03  3.7611E-03  3.7611E-03  3.7611E-03  3.7611E-03  3.7611E-03  3.7611E-03  3.7611E-03  3.7611E-03  3.7611E-03  3.7611E-03  3.7611E-03  3.7611E-03  3.7611E-03  3.7611E-03   3
6448345   2  1.8753E-01  1.8753E-01  1.8753E-01  1.8753E-01  1.8753E-01  1.8753E-01  1.8753E-01  1.8753E-01  1.8753E-01  1.8753E-01  1.8753E-01  1.8753E-01  1.8753E-01  1.8753E-01  1.8753E-01  1.8753E-01  1.8753E-01  1.8753E-01  1.8753E-01  1.8753E-01  1.8753E-01  1.8753E-01  1.8753E-01  1.8753E-01   3
6448346   2  9.8753E-01  9.8753E-01  9.8753E-01  9.8753E-01  9.8753E-01  9.8753E-01  9.8753E-01  9.8753E-01  9.8753E-01  9.8753E-01  9.8753E-01  9.8753E-01  9.8753E-01  9.8753E-01  9.8753E-01  9.8753E-01  9.8753E-01  9.8753E-01  9.8753E-01  9.8753E-01  9.8753E-01  9.8753E-01  9.8753E-01  9.8753E-01   3
6429266   2  2.7585E-02  2.7585E-02  2.7585E-02  2.7585E-02  2.7585E-02  2.7585E-02  2.7585E-02  2.7585E-02  2.7585E-02  2.7585E-02  2.7585E-02  2.7585E-02  2.7585E-02  2.7585E-02  2.7585E-02  2.7585E-02  2.7585E-02  2.7585E-02  2.7585E-02  2.7585E-02  2.7585E-02  2.7585E-02  2.7585E-02  2.7585E-02   3
6407034   2  5.4234E-01  5.4234E-01  5.4234E-01  5.4234E-01  5.4234E-01  5.4234E-01  5.4234E-01  5.4234E-01  5.4234E-01  5.4234E-01  5.4234E-01  5.4234E-01  5.4234E-01  5.4234E-01  5.4234E-01  5.4234E-01  5.4234E-01  5.4234E-01  5.4234E-01  5.4234E-01  5.4234E-01  5.4234E-01  5.4234E-01  5.4234E-01   3
6438805   2  8.2498E-01  8.2498E-01  8.2498E-01  8.2498E-01  8.2498E-01  8.2498E-01  8.2498E-01  8.2498E-01  8.2498E-01  8.2498E-01  8.2498E-01  8.2498E-01  8.2498E-01  8.2498E-01  8.2498E-01  8.2498E-01  8.2498E-01  8.2498E-01  8.2498E-01  8.2498E-01  8.2498E-01  8.2498E-01  8.2498E-01  8.2498E-01   3
6426097   2  1.3045E+01  1.3045E+01  1.3045E+01  1.3045E+01  1.3045E+01  1.3045E+01  1.3045E+01  1.3045E+01  1.3045E+01  1.3045E+01  1.3045E+01  1.3045E+01  1.3045E+01  1.3045E+01  1.3045E+01  1.3045E+01  1.3045E+01  1.3045E+01  1.3045E+01  1.3045E+01  1.3045E+01  1.3045E+01  1.3045E+01  1.3045E+01   3
6413389   2  1.6286E+02  1.6286E+02  1.6286E+02  1.6286E+02  1.6286E+02  1.6286E+02  1.6286E+02  1.6286E+02  1.6286E+02  1.6286E+02  1.6286E+02  1.6286E+02  1.6286E+02  1.6286E+02  1.6286E+02  1.6286E+02  1.6286E+02  1.6286E+02  1.6286E+02  1.6286E+02  1.6286E+02  1.6286E+02  1.6286E+02  1.6286E+02   3
6429275   2  2.5265E-01  2.5265E-01  2.5265E-01  2.5265E-01  2.5265E-01  2.5265E-01  2.5265E-01  2.5265E-01  2.5265E-01  2.5265E-01  2.5265E-01  2.5265E-01  2.5265E-01  2.5265E-01  2.5265E-01  2.5265E-01  2.5265E-01  2.5265E-01  2.5265E-01  2.5265E-01  2.5265E-01  2.5265E-01  2.5265E-01  2.5265E-01   3
6416563   2  1.6713E-05  1.6713E-05  1.6713E-05  1.6713E-05  1.6713E-05  1.6713E-05  1.6713E-05  1.6713E-05  1.6713E-05  1.6713E-05  1.6713E-05  1.6713E-05  1.6713E-05  1.6713E-05  1.6713E-05  1.6713E-05  1.6713E-05  1.6713E-05  1.6713E-05  1.6713E-05  1.6713E-05  1.6713E-05  1.6713E-05  1.6713E-05   3
6448333   2  1.7221E+00  1.7221E+00  1.7221E+00  1.7221E+00  1.7221E+00  1.7221E+00  1.7221E+00  1.7221E+00  1.7221E+00  1.7221E+00  1.7221E+00  1.7221E+00  1.7221E+00  1.7221E+00  1.7221E+00  1.7221E+00  1.7221E+00  1.7221E+00  1.7221E+00  1.7221E+00  1.7221E+00  1.7221E+00  1.7221E+00  1.7221E+00   3
6432459   2  1.8383E-02  1.8383E-02  1.8383E-02  1.8383E-02  1.8383E-02  1.8383E-02  1.8383E-02  1.8383E-02  1.8383E-02  1.8383E-02  1.8383E-02  1.8383E-02  1.8383E-02  1.8383E-02  1.8383E-02  1.8383E-02  1.8383E-02  1.8383E-02  1.8383E-02  1.8383E-02  1.8383E-02  1.8383E-02  1.8383E-02  1.8383E-02   3
6435635   2  1.2181E+00  1.2181E+00  1.2181E+00  1.2181E+00  1.2181E+00  1.2181E+00  1.2181E+00  1.2181E+00  1.2181E+00  1.2181E+00  1.2181E+00  1.2181E+00  1.2181E+00  1.2181E+00  1.2181E+00  1.2181E+00  1.2181E+00  1.2181E+00  1.2181E+00  1.2181E+00  1.2181E+00  1.2181E+00  1.2181E+00  1.2181E+00   3
6426103   2  2.8847E+00  2.8847E+00  2.8847E+00  2.8847E+00  2.8847E+00  2.8847E+00  2.8847E+00  2.8847E+00  2.8847E+00  2.8847E+00  2.8847E+00  2.8847E+00  2.8847E+00  2.8847E+00  2.8847E+00  2.8847E+00  2.8847E+00  2.8847E+00  2.8847E+00  2.8847E+00  2.8847E+00  2.8847E+00  2.8847E+00  2.8847E+00   3
6441991   2  2.1732E-02  2.1732E-02  2.1732E-02  2.1732E-02  2.1732E-02  2.1732E-02  2.1732E-02  2.1732E-02  2.1732E-02  2.1732E-02  2.1732E-02  2.1732E-02  2.1732E-02  2.1732E-02  2.1732E-02  2.1732E-02  2.1732E-02  2.1732E-02  2.1732E-02  2.1732E-02  2.1732E-02  2.1732E-02  2.1732E-02  2.1732E-02   3
6410204   2  2.6632E-02  2.6632E-02  2.6632E-02  2.6632E-02  2.6632E-02  2.6632E-02  2.6632E-02  2.6632E-02  2.6632E-02  2.6632E-02  2.6632E-02  2.6632E-02  2.6632E-02  2.6632E-02  2.6632E-02  2.6632E-02  2.6632E-02  2.6632E-02  2.6632E-02  2.6632E-02  2.6632E-02  2.6632E-02  2.6632E-02  2.6632E-02   3
6410203   2  1.5943E-02  1.5943E-02  1.5943E-02  1.5943E-02  1.5943E-02  1.5943E-02  1.5943E-02  1.5943E-02  1.5943E-02  1.5943E-02  1.5943E-02  1.5943E-02  1.5943E-02  1.5943E-02  1.5943E-02  1.5943E-02  1.5943E-02  1.5943E-02  1.5943E-02  1.5943E-02  1.5943E-02  1.5943E-02  1.5943E-02  1.5943E-02   3
6441984   2  1.8372E-01  1.8372E-01  1.8372E-01  1.8372E-01  1.8372E-01  1.8372E-01  1.8372E-01  1.8372E-01  1.8372E-01  1.8372E-01  1.8372E-01  1.8372E-01  1.8372E-01  1.8372E-01  1.8372E-01  1.8372E-01  1.8372E-01  1.8372E-01  1.8372E-01  1.8372E-01  1.8372E-01  1.8372E-01  1.8372E-01  1.8372E-01   3
6448336   2  4.5625E-01  4.5625E-01  4.5625E-01  4.5625E-01  4.5625E-01  4.5625E-01  4.5625E-01  4.5625E-01  4.5625E-01  4.5625E-01  4.5625E-01  4.5625E-01  4.5625E-01  4.5625E-01  4.5625E-01  4.5625E-01  4.5625E-01  4.5625E-01  4.5625E-01  4.5625E-01  4.5625E-01  4.5625E-01  4.5625E-01  4.5625E-01   3
6410211   2  2.3989E-01  2.3989E-01  2.3989E-01  2.3989E-01  2.3989E-01  2.3989E-01  2.3989E-01  2.3989E-01  2.3989E-01  2.3989E-01  2.3989E-01  2.3989E-01  2.3989E-01  2.3989E-01  2.3989E-01  2.3989E-01  2.3989E-01  2.3989E-01  2.3989E-01  2.3989E-01  2.3989E-01  2.3989E-01  2.3989E-01  2.3989E-01   3
6438807   2  2.9414E-01  2.9414E-01  2.9414E-01  2.9414E-01  2.9414E-01  2.9414E-01  2.9414E-01  2.9414E-01  2.9414E-01  2.9414E-01  2.9414E-01  2.9414E-01  2.9414E-01  2.9414E-01  2.9414E-01  2.9414E-01  2.9414E-01  2.9414E-01  2.9414E-01  2.9414E-01  2.9414E-01  2.9414E-01  2.9414E-01  2.9414E-01   3
6438809   2  6.1097E-01  6.1097E-01  6.1097E-01  6.1097E-01  6.1097E-01  6.1097E-01  6.1097E-01  6.1097E-01  6.1097E-01  6.1097E-01  6.1097E-01  6.1097E-01  6.1097E-01  6.1097E-01  6.1097E-01  6.1097E-01  6.1097E-01  6.1097E-01  6.1097E-01  6.1097E-01  6.1097E-01  6.1097E-01  6.1097E-01  6.1097E-01   3
6387948   2  1.2123E+00  1.2123E+00  1.2123E+00  1.2123E+00  1.2123E+00  1.2123E+00  1.2123E+00  1.2123E+00  1.2123E+00  1.2123E+00  1.2123E+00  1.2123E+00  1.2123E+00  1.2123E+00  1.2123E+00  1.2123E+00  1.2123E+00  1.2123E+00  1.2123E+00  1.2123E+00  1.2123E+00  1.2123E+00  1.2123E+00  1.2123E+00   3
6432455   2  3.7204E-02  3.7204E-02  3.7204E-02  3.7204E-02  3.7204E-02  3.7204E-02  3.7204E-02  3.7204E-02  3.7204E-02  3.7204E-02  3.7204E-02  3.7204E-02  3.7204E-02  3.7204E-02  3.7204E-02  3.7204E-02  3.7204E-02  3.7204E-02  3.7204E-02  3.7204E-02  3.7204E-02  3.7204E-02  3.7204E-02  3.7204E-02   3
6419736   2  4.4245E-01  4.4245E-01  4.4245E-01  4.4245E-01  4.4245E-01  4.4245E-01  4.4245E-01  4.4245E-01  4.4245E-01  4.4245E-01  4.4245E-01  4.4245E-01  4.4245E-01  4.4245E-01  4.4245E-01  4.4245E-01  4.4245E-01  4.4245E-01  4.4245E-01  4.4245E-01  4.4245E-01  4.4245E-01  4.4245E-01  4.4245E-01   3
6410215   2  1.0255E-01  1.0255E-01  1.0255E-01  1.0255E-01  1.0255E-01  1.0255E-01  1.0255E-01  1.0255E-01  1.0255E-01  1.0255E-01  1.0255E-01  1.0255E-01  1.0255E-01  1.0255E-01  1.0255E-01  1.0255E-01  1.0255E-01  1.0255E-01  1.0255E-01  1.0255E-01  1.0255E-01  1.0255E-01  1.0255E-01  1.0255E-01   3
6441987   2  4.6877E-01  4.6877E-01  4.6877E-01  4.6877E-01  4.6877E-01  4.6877E-01  4.6877E-01  4.6877E-01  4.6877E-01  4.6877E-01  4.6877E-01  4.6877E-01  4.6877E-01  4.6877E-01  4.6877E-01  4.6877E-01  4.6877E-01  4.6877E-01  4.6877E-01  4.6877E-01  4.6877E-01  4.6877E-01  4.6877E-01  4.6877E-01   3
6394304   2  1.0860E-02  1.0860E-02  1.0860E-02  1.0860E-02  1.0860E-02  1.0860E-02  1.0860E-02  1.0860E-02  1.0860E-02  1.0860E-02  1.0860E-02  1.0860E-02  1.0860E-02  1.0860E-02  1.0860E-02  1.0860E-02  1.0860E-02  1.0860E-02  1.0860E-02  1.0860E-02  1.0860E-02  1.0860E-02  1.0860E-02  1.0860E-02   3
6429276   2  1.0764E+01  1.0764E+01  1.0764E+01  1.0764E+01  1.0764E+01  1.0764E+01  1.0764E+01  1.0764E+01  1.0764E+01  1.0764E+01  1.0764E+01  1.0764E+01  1.0764E+01  1.0764E+01  1.0764E+01  1.0764E+01  1.0764E+01  1.0764E+01  1.0764E+01  1.0764E+01  1.0764E+01  1.0764E+01  1.0764E+01  1.0764E+01   3
6432450   2  3.0088E-02  3.0088E-02  3.0088E-02  3.0088E-02  3.0088E-02  3.0088E-02  3.0088E-02  3.0088E-02  3.0088E-02  3.0088E-02  3.0088E-02  3.0088E-02  3.0088E-02  3.0088E-02  3.0088E-02  3.0088E-02  3.0088E-02  3.0088E-02  3.0088E-02  3.0088E-02  3.0088E-02  3.0088E-02  3.0088E-02  3.0088E-02   3
6362513   5  8.9064E-02  8.9064E-02  8.9064E-02  8.9064E-02  8.9064E-02  8.9064E-02  8.9064E-02  8.9064E-02  8.9064E-02  8.9064E-02  8.9064E-02  8.9064E-02  8.9064E-02  8.9064E-02  8.9064E-02  8.9064E-02  8.9064E-02  8.9064E-02  8.9064E-02  8.9064E-02  8.9064E-02  8.9064E-02  8.9064E-02  8.9064E-02   6
6362517   5  8.9064E-02  8.9064E-02  8.9064E-02  8.9064E-02  8.9064E-02  8.9064E-02  8.9064E-02  8.9064E-02  8.9064E-02  8.9064E-02  8.9064E-02  8.9064E-02  8.9064E-02  8.9064E-02  8.9064E-02  8.9064E-02  8.9064E-02  8.9064E-02  8.9064E-02  8.9064E-02  8.9064E-02  8.9064E-02  8.9064E-02  8.9064E-02   6
6362520   6  8.9064E-02  8.9064E-02  8.9064E-02  8.9064E-02  8.9064E-02  8.9064E-02  8.9064E-02  8.9064E-02  8.9064E-02  8.9064E-02  8.9064E-02  8.9064E-02  8.9064E-02  8.9064E-02  8.9064E-02  8.9064E-02  8.9064E-02  8.9064E-02  8.9064E-02  8.9064E-02  8.9064E-02  8.9064E-02  8.9064E-02  8.9064E-02   7
6359345   3  8.9064E-02  8.9064E-02  8.9064E-02  8.9064E-02  8.9064E-02  8.9064E-02  8.9064E-02  8.9064E-02  8.9064E-02  8.9064E-02  8.9064E-02  8.9064E-02  8.9064E-02  8.9064E-02  8.9064E-02  8.9064E-02  8.9064E-02  8.9064E-02  8.9064E-02  8.9064E-02  8.9064E-02  8.9064E-02  8.9064E-02  8.9064E-02   4
6359349   5  8.9064E-02  8.9064E-02  8.9064E-02  8.9064E-02  8.9064E-02  8.9064E-02  8.9064E-02  8.9064E-02  8.9064E-02  8.9064E-02  8.9064E-02  8.9064E-02  8.9064E-02  8.9064E-02  8.9064E-02  8.9064E-02  8.9064E-02  8.9064E-02  8.9064E-02  8.9064E-02  8.9064E-02  8.9064E-02  8.9064E-02  8.9064E-02   6
6359352   5  8.9064E-02  8.9064E-02  8.9064E-02  8.9064E-02  8.9064E-02  8.9064E-02  8.9064E-02  8.9064E-02  8.9064E-02  8.9064E-02  8.9064E-02  8.9064E-02  8.9064E-02  8.9064E-02  8.9064E-02  8.9064E-02  8.9064E-02  8.9064E-02  8.9064E-02  8.9064E-02  8.9064E-02  8.9064E-02  8.9064E-02  8.9064E-02   6
6375226   6  8.9064E-02  8.9064E-02  8.9064E-02  8.9064E-02  8.9064E-02  8.9064E-02  8.9064E-02  8.9064E-02  8.9064E-02  8.9064E-02  8.9064E-02  8.9064E-02  8.9064E-02  8.9064E-02  8.9064E-02  8.9064E-02  8.9064E-02  8.9064E-02  8.9064E-02  8.9064E-02  8.9064E-02  8.9064E-02  8.9064E-02  8.9064E-02   7
6375229   2  8.9064E-02  8.9064E-02  8.9064E-02  8.9064E-02  8.9064E-02  8.9064E-02  8.9064E-02  8.9064E-02  8.9064E-02  8.9064E-02  8.9064E-02  8.9064E-02  8.9064E-02  8.9064E-02  8.9064E-02  8.9064E-02  8.9064E-02  8.9064E-02  8.9064E-02  8.9064E-02  8.9064E-02  8.9064E-02  8.9064E-02  8.9064E-02   3
6372058   2  8.9064E-02  8.9064E-02  8.9064E-02  8.9064E-02  8.9064E-02  8.9064E-02  8.9064E-02  8.9064E-02  8.9064E-02  8.9064E-02  8.9064E-02  8.9064E-02  8.9064E-02  8.9064E-02  8.9064E-02  8.9064E-02  8.9064E-02  8.9064E-02  8.9064E-02  8.9064E-02  8.9064E-02  8.9064E-02  8.9064E-02  8.9064E-02   3
6372061   3  8.9064E-02  8.9064E-02  8.9064E-02  8.9064E-02  8.9064E-02  8.9064E-02  8.9064E-02  8.9064E-02  8.9064E-02  8.9064E-02  8.9064E-02  8.9064E-02  8.9064E-02  8.9064E-02  8.9064E-02  8.9064E-02  8.9064E-02  8.9064E-02  8.9064E-02  8.9064E-02  8.9064E-02  8.9064E-02  8.9064E-02  8.9064E-02   4
6368887   3  8.9064E-02  8.9064E-02  8.9064E-02  8.9064E-02  8.9064E-02  8.9064E-02  8.9064E-02  8.9064E-02  8.9064E-02  8.9064E-02  8.9064E-02  8.9064E-02  8.9064E-02  8.9064E-02  8.9064E-02  8.9064E-02  8.9064E-02  8.9064E-02  8.9064E-02  8.9064E-02  8.9064E-02  8.9064E-02  8.9064E-02  8.9064E-02   4
6368890   3  8.9064E-02  8.9064E-02  8.9064E-02  8.9064E-02  8.9064E-02  8.9064E-02  8.9064E-02  8.9064E-02  8.9064E-02  8.9064E-02  8.9064E-02  8.9064E-02  8.9064E-02  8.9064E-02  8.9064E-02  8.9064E-02  8.9064E-02  8.9064E-02  8.9064E-02  8.9064E-02  8.9064E-02  8.9064E-02  8.9064E-02  8.9064E-02   4
6387938   4  8.9064E-02  8.9064E-02  8.9064E-02  8.9064E-02  8.9064E-02  8.9064E-02  8.9064E-02  8.9064E-02  8.9064E-02  8.9064E-02  8.9064E-02  8.9064E-02  8.9064E-02  8.9064E-02  8.9064E-02  8.9064E-02  8.9064E-02  8.9064E-02  8.9064E-02  8.9064E-02  8.9064E-02  8.9064E-02  8.9064E-02  8.9064E-02   5
6387942   6  8.9064E-02  8.9064E-02  8.9064E-02  8.9064E-02  8.9064E-02  8.9064E-02  8.9064E-02  8.9064E-02  8.9064E-02  8.9064E-02  8.9064E-02  8.9064E-02  8.9064E-02  8.9064E-02  8.9064E-02  8.9064E-02  8.9064E-02  8.9064E-02  8.9064E-02  8.9064E-02  8.9064E-02  8.9064E-02  8.9064E-02  8.9064E-02   7
6387945   6  7.5488E-02  7.5488E-02  7.5488E-02  7.5488E-02  7.5488E-02  7.5488E-02  7.5488E-02  7.5488E-02  7.5488E-02  7.5488E-02  7.5488E-02  7.5488E-02  7.5488E-02  7.5488E-02  7.5488E-02  7.5488E-02  7.5488E-02  7.5488E-02  7.5488E-02  7.5488E-02  7.5488E-02  7.5488E-02  7.5488E-02  7.5488E-02   7
6384770   5  7.5488E-02  7.5488E-02  7.5488E-02  7.5488E-02  7.5488E-02  7.5488E-02  7.5488E-02  7.5488E-02  7.5488E-02  7.5488E-02  7.5488E-02  7.5488E-02  7.5488E-02  7.5488E-02  7.5488E-02  7.5488E-02  7.5488E-02  7.5488E-02  7.5488E-02  7.5488E-02  7.5488E-02  7.5488E-02  7.5488E-02  7.5488E-02   6
6413363   5  2.5671E+00  2.5671E+00  2.5671E+00  2.5671E+00  2.5671E+00  2.5671E+00  2.5671E+00  2.5671E+00  2.5671E+00  2.5671E+00  2.5671E+00  2.5671E+00  2.5671E+00  2.5671E+00  2.5671E+00  2.5671E+00  2.5671E+00  2.5671E+00  2.5671E+00  2.5671E+00  2.5671E+00  2.5671E+00  2.5671E+00  2.5671E+00   6
6426075   5  2.5671E+00  2.5671E+00  2.5671E+00  2.5671E+00  2.5671E+00  2.5671E+00  2.5671E+00  2.5671E+00  2.5671E+00  2.5671E+00  2.5671E+00  2.5671E+00  2.5671E+00  2.5671E+00  2.5671E+00  2.5671E+00  2.5671E+00  2.5671E+00  2.5671E+00  2.5671E+00  2.5671E+00  2.5671E+00  2.5671E+00  2.5671E+00   6
6426079   2  2.5671E+00  2.5671E+00  2.5671E+00  2.5671E+00  2.5671E+00  2.5671E+00  2.5671E+00  2.5671E+00  2.5671E+00  2.5671E+00  2.5671E+00  2.5671E+00  2.5671E+00  2.5671E+00  2.5671E+00  2.5671E+00  2.5671E+00  2.5671E+00  2.5671E+00  2.5671E+00  2.5671E+00  2.5671E+00  2.5671E+00  2.5671E+00   3
6426082   2  2.5671E+00  2.5671E+00  2.5671E+00  2.5671E+00  2.5671E+00  2.5671E+00  2.5671E+00  2.5671E+00  2.5671E+00  2.5671E+00  2.5671E+00  2.5671E+00  2.5671E+00  2.5671E+00  2.5671E+00  2.5671E+00  2.5671E+00  2.5671E+00  2.5671E+00  2.5671E+00  2.5671E+00  2.5671E+00  2.5671E+00  2.5671E+00   3
6441963   2  8.1525E+00  8.1525E+00  8.1525E+00  8.1525E+00  8.1525E+00  8.1525E+00  8.1525E+00  8.1525E+00  8.1525E+00  8.1525E+00  8.1525E+00  8.1525E+00  8.1525E+00  8.1525E+00  8.1525E+00  8.1525E+00  8.1525E+00  8.1525E+00  8.1525E+00  8.1525E+00  8.1525E+00  8.1525E+00  8.1525E+00  8.1525E+00   3
6438788   2  3.2448E+00  3.2448E+00  3.2448E+00  3.2448E+00  3.2448E+00  3.2448E+00  3.2448E+00  3.2448E+00  3.2448E+00  3.2448E+00  3.2448E+00  3.2448E+00  3.2448E+00  3.2448E+00  3.2448E+00  3.2448E+00  3.2448E+00  3.2448E+00  3.2448E+00  3.2448E+00  3.2448E+00  3.2448E+00  3.2448E+00  3.2448E+00   3
6438791   2  5.8120E+00  5.8120E+00  5.8120E+00  5.8120E+00  5.8120E+00  5.8120E+00  5.8120E+00  5.8120E+00  5.8120E+00  5.8120E+00  5.8120E+00  5.8120E+00  5.8120E+00  5.8120E+00  5.8120E+00  5.8120E+00  5.8120E+00  5.8120E+00  5.8120E+00  5.8120E+00  5.8120E+00  5.8120E+00  5.8120E+00  5.8120E+00   3
6435620   2  2.5671E+00  2.5671E+00  2.5671E+00  2.5671E+00  2.5671E+00  2.5671E+00  2.5671E+00  2.5671E+00  2.5671E+00  2.5671E+00  2.5671E+00  2.5671E+00  2.5671E+00  2.5671E+00  2.5671E+00  2.5671E+00  2.5671E+00  2.5671E+00  2.5671E+00  2.5671E+00  2.5671E+00  2.5671E+00  2.5671E+00  2.5671E+00   3
6448329   2  3.2448E+00  3.2448E+00  3.2448E+00  3.2448E+00  3.2448E+00  3.2448E+00  3.2448E+00  3.2448E+00  3.2448E+00  3.2448E+00  3.2448E+00  3.2448E+00  3.2448E+00  3.2448E+00  3.2448E+00  3.2448E+00  3.2448E+00  3.2448E+00  3.2448E+00  3.2448E+00  3.2448E+00  3.2448E+00  3.2448E+00  3.2448E+00   3
