GSO4Emissions
         167 2016-05-12_00:00:00, THR
6426118   1  5.2624E+01  5.2624E+01  5.2624E+01  5.2624E+01  5.2624E+01  5.2624E+01  5.2624E+01  5.2624E+01  5.2624E+01  5.2624E+01  5.2624E+01  5.2624E+01  5.2624E+01  5.2624E+01  5.2624E+01  5.2624E+01  5.2624E+01  5.2624E+01  5.2624E+01  5.2624E+01  5.2624E+01  5.2624E+01  5.2624E+01  5.2624E+01   2
6419754   1  1.0027E+00  1.0027E+00  1.0027E+00  1.0027E+00  1.0027E+00  1.0027E+00  1.0027E+00  1.0027E+00  1.0027E+00  1.0027E+00  1.0027E+00  1.0027E+00  1.0027E+00  1.0027E+00  1.0027E+00  1.0027E+00  1.0027E+00  1.0027E+00  1.0027E+00  1.0027E+00  1.0027E+00  1.0027E+00  1.0027E+00  1.0027E+00   2
6441990   1  1.0040E+02  1.0040E+02  1.0040E+02  1.0040E+02  1.0040E+02  1.0040E+02  1.0040E+02  1.0040E+02  1.0040E+02  1.0040E+02  1.0040E+02  1.0040E+02  1.0040E+02  1.0040E+02  1.0040E+02  1.0040E+02  1.0040E+02  1.0040E+02  1.0040E+02  1.0040E+02  1.0040E+02  1.0040E+02  1.0040E+02  1.0040E+02   2
6391124   1  1.9176E+04  1.9176E+04  1.9176E+04  1.9176E+04  1.9176E+04  1.9176E+04  1.9176E+04  1.9176E+04  1.9176E+04  1.9176E+04  1.9176E+04  1.9176E+04  1.9176E+04  1.9176E+04  1.9176E+04  1.9176E+04  1.9176E+04  1.9176E+04  1.9176E+04  1.9176E+04  1.9176E+04  1.9176E+04  1.9176E+04  1.9176E+04   2
6445165   1  3.2320E-02  3.0980E-02  2.5860E-02  1.9898E-02  1.5638E-02  1.3266E-02  1.2048E-02  1.1318E-02  1.1074E-02  1.1378E-02  1.2778E-02  1.5212E-02  1.8924E-02  2.3600E-02  2.8420E-02  3.2120E-02  3.4740E-02  3.6760E-02  3.7720E-02  3.8400E-02  3.8640E-02  3.7960E-02  3.6140E-02  3.3340E-02   2
6416566   1  5.6836E-01  5.4470E-01  4.5480E-01  3.5006E-01  2.7497E-01  2.3331E-01  2.1191E-01  1.9908E-01  1.9480E-01  2.0015E-01  2.2475E-01  2.6747E-01  3.3278E-01  4.1520E-01  4.9985E-01  5.6517E-01  6.1115E-01  6.4645E-01  6.6353E-01  6.7535E-01  6.7967E-01  6.6785E-01  6.3573E-01  5.8656E-01   2
6422914   1  7.4635E+00  7.3575E+00  6.9516E+00  6.4785E+00  6.1402E+00  5.9520E+00  5.8554E+00  5.7975E+00  5.7781E+00  5.8023E+00  5.9133E+00  6.1064E+00  6.4009E+00  6.7731E+00  7.1540E+00  7.4493E+00  7.6567E+00  7.8162E+00  7.8932E+00  7.9465E+00  7.9655E+00  7.9126E+00  7.7676E+00  7.5458E+00   2
6429274   1  1.9888E+01  1.9884E+01  1.9871E+01  1.9855E+01  1.9843E+01  1.9837E+01  1.9833E+01  1.9831E+01  1.9831E+01  1.9832E+01  1.9835E+01  1.9842E+01  1.9852E+01  1.9865E+01  1.9878E+01  1.9888E+01  1.9895E+01  1.9900E+01  1.9903E+01  1.9904E+01  1.9905E+01  1.9903E+01  1.9898E+01  1.9891E+01   2
6448343   1  9.6721E+00  9.6683E+00  9.6539E+00  9.6371E+00  9.6251E+00  9.6184E+00  9.6150E+00  9.6129E+00  9.6122E+00  9.6131E+00  9.6171E+00  9.6239E+00  9.6344E+00  9.6476E+00  9.6611E+00  9.6716E+00  9.6790E+00  9.6846E+00  9.6874E+00  9.6892E+00  9.6899E+00  9.6880E+00  9.6829E+00  9.6750E+00   2
6416565   1  1.7096E+01  1.7096E+01  1.7096E+01  1.7096E+01  1.7096E+01  1.7096E+01  1.7096E+01  1.7096E+01  1.7096E+01  1.7096E+01  1.7096E+01  1.7096E+01  1.7096E+01  1.7096E+01  1.7096E+01  1.7096E+01  1.7096E+01  1.7096E+01  1.7096E+01  1.7096E+01  1.7096E+01  1.7096E+01  1.7096E+01  1.7096E+01   2
6445174   1  2.0054E+00  2.0054E+00  2.0054E+00  2.0054E+00  2.0054E+00  2.0054E+00  2.0054E+00  2.0054E+00  2.0054E+00  2.0054E+00  2.0054E+00  2.0054E+00  2.0054E+00  2.0054E+00  2.0054E+00  2.0054E+00  2.0054E+00  2.0054E+00  2.0054E+00  2.0054E+00  2.0054E+00  2.0054E+00  2.0054E+00  2.0054E+00   2
6410197   3  2.6373E+01  2.5279E+01  2.1107E+01  1.6239E+01  1.2764E+01  1.0826E+01  9.8332E+00  9.2369E+00  9.0382E+00  9.2872E+00  1.0430E+01  1.2416E+01  1.5445E+01  1.9269E+01  2.3193E+01  2.6223E+01  2.8357E+01  2.9995E+01  3.0792E+01  3.1339E+01  3.1537E+01  3.0990E+01  2.9497E+01  2.7214E+01   4
6413390   3  1.5044E+02  1.5044E+02  1.5044E+02  1.5044E+02  1.5044E+02  1.5044E+02  1.5044E+02  1.5044E+02  1.5044E+02  1.5044E+02  1.5044E+02  1.5044E+02  1.5044E+02  1.5044E+02  1.5044E+02  1.5044E+02  1.5044E+02  1.5044E+02  1.5044E+02  1.5044E+02  1.5044E+02  1.5044E+02  1.5044E+02  1.5044E+02   4
6445167   7  3.0375E+02  3.0375E+02  3.0375E+02  3.0375E+02  3.0375E+02  3.0375E+02  3.0375E+02  3.0375E+02  3.0375E+02  3.0375E+02  3.0375E+02  3.0375E+02  3.0375E+02  3.0375E+02  3.0375E+02  3.0375E+02  3.0375E+02  3.0375E+02  3.0375E+02  3.0375E+02  3.0375E+02  3.0375E+02  3.0375E+02  3.0375E+02   8
6441989   3  1.0164E+01  9.7402E+00  8.1348E+00  6.2579E+00  4.9187E+00  4.1725E+00  3.7898E+00  3.5597E+00  3.4834E+00  3.5790E+00  4.0193E+00  4.7848E+00  5.9527E+00  7.4281E+00  8.9375E+00  1.0108E+01  1.0927E+01  1.1561E+01  1.1866E+01  1.2075E+01  1.2154E+01  1.1945E+01  1.1368E+01  1.0486E+01   4
6429268   1  1.4209E+00  1.4209E+00  1.4209E+00  1.4209E+00  1.4209E+00  1.4209E+00  1.4209E+00  1.4209E+00  1.4209E+00  1.4209E+00  1.4209E+00  1.4209E+00  1.4209E+00  1.4209E+00  1.4209E+00  1.4209E+00  1.4209E+00  1.4209E+00  1.4209E+00  1.4209E+00  1.4209E+00  1.4209E+00  1.4209E+00  1.4209E+00   2
6429278   2  4.3968E+01  4.3968E+01  4.3968E+01  4.3968E+01  4.3968E+01  4.3968E+01  4.3968E+01  4.3968E+01  4.3968E+01  4.3968E+01  4.3968E+01  4.3968E+01  4.3968E+01  4.3968E+01  4.3968E+01  4.3968E+01  4.3968E+01  4.3968E+01  4.3968E+01  4.3968E+01  4.3968E+01  4.3968E+01  4.3968E+01  4.3968E+01   3
6426100   3  2.7757E+00  2.7757E+00  2.7757E+00  2.7757E+00  2.7757E+00  2.7757E+00  2.7757E+00  2.7757E+00  2.7757E+00  2.7757E+00  2.7757E+00  2.7757E+00  2.7757E+00  2.7757E+00  2.7757E+00  2.7757E+00  2.7757E+00  2.7757E+00  2.7757E+00  2.7757E+00  2.7757E+00  2.7757E+00  2.7757E+00  2.7757E+00   4
6419743   2  3.8576E+02  3.8576E+02  3.8576E+02  3.8576E+02  3.8576E+02  3.8576E+02  3.8576E+02  3.8576E+02  3.8576E+02  3.8576E+02  3.8576E+02  3.8576E+02  3.8576E+02  3.8576E+02  3.8576E+02  3.8576E+02  3.8576E+02  3.8576E+02  3.8576E+02  3.8576E+02  3.8576E+02  3.8576E+02  3.8576E+02  3.8576E+02   3
6422921   3  5.7104E+01  5.7104E+01  5.7104E+01  5.7104E+01  5.7104E+01  5.7104E+01  5.7104E+01  5.7104E+01  5.7104E+01  5.7104E+01  5.7104E+01  5.7104E+01  5.7104E+01  5.7104E+01  5.7104E+01  5.7104E+01  5.7104E+01  5.7104E+01  5.7104E+01  5.7104E+01  5.7104E+01  5.7104E+01  5.7104E+01  5.7104E+01   4
6416559   3  2.6489E+00  2.6489E+00  2.6489E+00  2.6489E+00  2.6489E+00  2.6489E+00  2.6489E+00  2.6489E+00  2.6489E+00  2.6489E+00  2.6489E+00  2.6489E+00  2.6489E+00  2.6489E+00  2.6489E+00  2.6489E+00  2.6489E+00  2.6489E+00  2.6489E+00  2.6489E+00  2.6489E+00  2.6489E+00  2.6489E+00  2.6489E+00   4
6426088   2  1.3768E+00  1.3768E+00  1.3768E+00  1.3768E+00  1.3768E+00  1.3768E+00  1.3768E+00  1.3768E+00  1.3768E+00  1.3768E+00  1.3768E+00  1.3768E+00  1.3768E+00  1.3768E+00  1.3768E+00  1.3768E+00  1.3768E+00  1.3768E+00  1.3768E+00  1.3768E+00  1.3768E+00  1.3768E+00  1.3768E+00  1.3768E+00   3
6429265   2  1.3947E-02  1.3947E-02  1.3947E-02  1.3947E-02  1.3947E-02  1.3947E-02  1.3947E-02  1.3947E-02  1.3947E-02  1.3947E-02  1.3947E-02  1.3947E-02  1.3947E-02  1.3947E-02  1.3947E-02  1.3947E-02  1.3947E-02  1.3947E-02  1.3947E-02  1.3947E-02  1.3947E-02  1.3947E-02  1.3947E-02  1.3947E-02   3
6419737   2  4.5315E-01  4.5315E-01  4.5315E-01  4.5315E-01  4.5315E-01  4.5315E-01  4.5315E-01  4.5315E-01  4.5315E-01  4.5315E-01  4.5315E-01  4.5315E-01  4.5315E-01  4.5315E-01  4.5315E-01  4.5315E-01  4.5315E-01  4.5315E-01  4.5315E-01  4.5315E-01  4.5315E-01  4.5315E-01  4.5315E-01  4.5315E-01   3
6438804   1  7.2257E+00  7.2257E+00  7.2257E+00  7.2257E+00  7.2257E+00  7.2257E+00  7.2257E+00  7.2257E+00  7.2257E+00  7.2257E+00  7.2257E+00  7.2257E+00  7.2257E+00  7.2257E+00  7.2257E+00  7.2257E+00  7.2257E+00  7.2257E+00  7.2257E+00  7.2257E+00  7.2257E+00  7.2257E+00  7.2257E+00  7.2257E+00   2
6426090   1  3.7925E+00  3.7925E+00  3.7925E+00  3.7925E+00  3.7925E+00  3.7925E+00  3.7925E+00  3.7925E+00  3.7925E+00  3.7925E+00  3.7925E+00  3.7925E+00  3.7925E+00  3.7925E+00  3.7925E+00  3.7925E+00  3.7925E+00  3.7925E+00  3.7925E+00  3.7925E+00  3.7925E+00  3.7925E+00  3.7925E+00  3.7925E+00   2
6426096   2  1.4378E+01  1.4378E+01  1.4378E+01  1.4378E+01  1.4378E+01  1.4378E+01  1.4378E+01  1.4378E+01  1.4378E+01  1.4378E+01  1.4378E+01  1.4378E+01  1.4378E+01  1.4378E+01  1.4378E+01  1.4378E+01  1.4378E+01  1.4378E+01  1.4378E+01  1.4378E+01  1.4378E+01  1.4378E+01  1.4378E+01  1.4378E+01   3
6426089   1  9.0774E+02  9.0774E+02  9.0774E+02  9.0774E+02  9.0774E+02  9.0774E+02  9.0774E+02  9.0774E+02  9.0774E+02  9.0774E+02  9.0774E+02  9.0774E+02  9.0774E+02  9.0774E+02  9.0774E+02  9.0774E+02  9.0774E+02  9.0774E+02  9.0774E+02  9.0774E+02  9.0774E+02  9.0774E+02  9.0774E+02  9.0774E+02   2
6419741   2  8.4311E+00  8.4311E+00  8.4311E+00  8.4311E+00  8.4311E+00  8.4311E+00  8.4311E+00  8.4311E+00  8.4311E+00  8.4311E+00  8.4311E+00  8.4311E+00  8.4311E+00  8.4311E+00  8.4311E+00  8.4311E+00  8.4311E+00  8.4311E+00  8.4311E+00  8.4311E+00  8.4311E+00  8.4311E+00  8.4311E+00  8.4311E+00   3
6422920   2  3.8452E+01  3.8452E+01  3.8452E+01  3.8452E+01  3.8452E+01  3.8452E+01  3.8452E+01  3.8452E+01  3.8452E+01  3.8452E+01  3.8452E+01  3.8452E+01  3.8452E+01  3.8452E+01  3.8452E+01  3.8452E+01  3.8452E+01  3.8452E+01  3.8452E+01  3.8452E+01  3.8452E+01  3.8452E+01  3.8452E+01  3.8452E+01   3
6445168   3  6.2558E+00  6.2558E+00  6.2558E+00  6.2558E+00  6.2558E+00  6.2558E+00  6.2558E+00  6.2558E+00  6.2558E+00  6.2558E+00  6.2558E+00  6.2558E+00  6.2558E+00  6.2558E+00  6.2558E+00  6.2558E+00  6.2558E+00  6.2558E+00  6.2558E+00  6.2558E+00  6.2558E+00  6.2558E+00  6.2558E+00  6.2558E+00   4
6441985   2  3.1510E+00  3.1510E+00  3.1510E+00  3.1510E+00  3.1510E+00  3.1510E+00  3.1510E+00  3.1510E+00  3.1510E+00  3.1510E+00  3.1510E+00  3.1510E+00  3.1510E+00  3.1510E+00  3.1510E+00  3.1510E+00  3.1510E+00  3.1510E+00  3.1510E+00  3.1510E+00  3.1510E+00  3.1510E+00  3.1510E+00  3.1510E+00   3
6426098   2  1.3854E+01  1.3854E+01  1.3854E+01  1.3854E+01  1.3854E+01  1.3854E+01  1.3854E+01  1.3854E+01  1.3854E+01  1.3854E+01  1.3854E+01  1.3854E+01  1.3854E+01  1.3854E+01  1.3854E+01  1.3854E+01  1.3854E+01  1.3854E+01  1.3854E+01  1.3854E+01  1.3854E+01  1.3854E+01  1.3854E+01  1.3854E+01   3
6435629   4  4.6481E-02  4.6481E-02  4.6481E-02  4.6481E-02  4.6481E-02  4.6481E-02  4.6481E-02  4.6481E-02  4.6481E-02  4.6481E-02  4.6481E-02  4.6481E-02  4.6481E-02  4.6481E-02  4.6481E-02  4.6481E-02  4.6481E-02  4.6481E-02  4.6481E-02  4.6481E-02  4.6481E-02  4.6481E-02  4.6481E-02  4.6481E-02   5
6419742   2  4.1472E+01  4.1472E+01  4.1472E+01  4.1472E+01  4.1472E+01  4.1472E+01  4.1472E+01  4.1472E+01  4.1472E+01  4.1472E+01  4.1472E+01  4.1472E+01  4.1472E+01  4.1472E+01  4.1472E+01  4.1472E+01  4.1472E+01  4.1472E+01  4.1472E+01  4.1472E+01  4.1472E+01  4.1472E+01  4.1472E+01  4.1472E+01   3
6422918   2  1.9571E+00  1.9571E+00  1.9571E+00  1.9571E+00  1.9571E+00  1.9571E+00  1.9571E+00  1.9571E+00  1.9571E+00  1.9571E+00  1.9571E+00  1.9571E+00  1.9571E+00  1.9571E+00  1.9571E+00  1.9571E+00  1.9571E+00  1.9571E+00  1.9571E+00  1.9571E+00  1.9571E+00  1.9571E+00  1.9571E+00  1.9571E+00   3
6432451   3  7.4486E+01  7.4486E+01  7.4486E+01  7.4486E+01  7.4486E+01  7.4486E+01  7.4486E+01  7.4486E+01  7.4486E+01  7.4486E+01  7.4486E+01  7.4486E+01  7.4486E+01  7.4486E+01  7.4486E+01  7.4486E+01  7.4486E+01  7.4486E+01  7.4486E+01  7.4486E+01  7.4486E+01  7.4486E+01  7.4486E+01  7.4486E+01   4
6416576   5  2.3205E-01  2.3205E-01  2.3205E-01  2.3205E-01  2.3205E-01  2.3205E-01  2.3205E-01  2.3205E-01  2.3205E-01  2.3205E-01  2.3205E-01  2.3205E-01  2.3205E-01  2.3205E-01  2.3205E-01  2.3205E-01  2.3205E-01  2.3205E-01  2.3205E-01  2.3205E-01  2.3205E-01  2.3205E-01  2.3205E-01  2.3205E-01   6
6435627   5  4.9742E+01  4.9742E+01  4.9742E+01  4.9742E+01  4.9742E+01  4.9742E+01  4.9742E+01  4.9742E+01  4.9742E+01  4.9742E+01  4.9742E+01  4.9742E+01  4.9742E+01  4.9742E+01  4.9742E+01  4.9742E+01  4.9742E+01  4.9742E+01  4.9742E+01  4.9742E+01  4.9742E+01  4.9742E+01  4.9742E+01  4.9742E+01   6
6435617   2  2.7861E+00  2.7861E+00  2.7861E+00  2.7861E+00  2.7861E+00  2.7861E+00  2.7861E+00  2.7861E+00  2.7861E+00  2.7861E+00  2.7861E+00  2.7861E+00  2.7861E+00  2.7861E+00  2.7861E+00  2.7861E+00  2.7861E+00  2.7861E+00  2.7861E+00  2.7861E+00  2.7861E+00  2.7861E+00  2.7861E+00  2.7861E+00   3
6429288   4  4.7219E+00  4.7219E+00  4.7219E+00  4.7219E+00  4.7219E+00  4.7219E+00  4.7219E+00  4.7219E+00  4.7219E+00  4.7219E+00  4.7219E+00  4.7219E+00  4.7219E+00  4.7219E+00  4.7219E+00  4.7219E+00  4.7219E+00  4.7219E+00  4.7219E+00  4.7219E+00  4.7219E+00  4.7219E+00  4.7219E+00  4.7219E+00   5
6445154   3  5.4906E+00  5.4906E+00  5.4906E+00  5.4906E+00  5.4906E+00  5.4906E+00  5.4906E+00  5.4906E+00  5.4906E+00  5.4906E+00  5.4906E+00  5.4906E+00  5.4906E+00  5.4906E+00  5.4906E+00  5.4906E+00  5.4906E+00  5.4906E+00  5.4906E+00  5.4906E+00  5.4906E+00  5.4906E+00  5.4906E+00  5.4906E+00   4
6400661   5  2.8655E+00  2.8655E+00  2.8655E+00  2.8655E+00  2.8655E+00  2.8655E+00  2.8655E+00  2.8655E+00  2.8655E+00  2.8655E+00  2.8655E+00  2.8655E+00  2.8655E+00  2.8655E+00  2.8655E+00  2.8655E+00  2.8655E+00  2.8655E+00  2.8655E+00  2.8655E+00  2.8655E+00  2.8655E+00  2.8655E+00  2.8655E+00   6
6441978   3  3.3189E-02  3.3189E-02  3.3189E-02  3.3189E-02  3.3189E-02  3.3189E-02  3.3189E-02  3.3189E-02  3.3189E-02  3.3189E-02  3.3189E-02  3.3189E-02  3.3189E-02  3.3189E-02  3.3189E-02  3.3189E-02  3.3189E-02  3.3189E-02  3.3189E-02  3.3189E-02  3.3189E-02  3.3189E-02  3.3189E-02  3.3189E-02   4
6422919   2  2.9793E+01  2.9793E+01  2.9793E+01  2.9793E+01  2.9793E+01  2.9793E+01  2.9793E+01  2.9793E+01  2.9793E+01  2.9793E+01  2.9793E+01  2.9793E+01  2.9793E+01  2.9793E+01  2.9793E+01  2.9793E+01  2.9793E+01  2.9793E+01  2.9793E+01  2.9793E+01  2.9793E+01  2.9793E+01  2.9793E+01  2.9793E+01   3
6448344   2  6.6296E+01  6.6296E+01  6.6296E+01  6.6296E+01  6.6296E+01  6.6296E+01  6.6296E+01  6.6296E+01  6.6296E+01  6.6296E+01  6.6296E+01  6.6296E+01  6.6296E+01  6.6296E+01  6.6296E+01  6.6296E+01  6.6296E+01  6.6296E+01  6.6296E+01  6.6296E+01  6.6296E+01  6.6296E+01  6.6296E+01  6.6296E+01   3
6435628   3  5.2027E+00  5.2027E+00  5.2027E+00  5.2027E+00  5.2027E+00  5.2027E+00  5.2027E+00  5.2027E+00  5.2027E+00  5.2027E+00  5.2027E+00  5.2027E+00  5.2027E+00  5.2027E+00  5.2027E+00  5.2027E+00  5.2027E+00  5.2027E+00  5.2027E+00  5.2027E+00  5.2027E+00  5.2027E+00  5.2027E+00  5.2027E+00   4
6413381   3  7.9944E-01  7.9944E-01  7.9944E-01  7.9944E-01  7.9944E-01  7.9944E-01  7.9944E-01  7.9944E-01  7.9944E-01  7.9944E-01  7.9944E-01  7.9944E-01  7.9944E-01  7.9944E-01  7.9944E-01  7.9944E-01  7.9944E-01  7.9944E-01  7.9944E-01  7.9944E-01  7.9944E-01  7.9944E-01  7.9944E-01  7.9944E-01   4
6438808   2  1.2874E+01  1.2874E+01  1.2874E+01  1.2874E+01  1.2874E+01  1.2874E+01  1.2874E+01  1.2874E+01  1.2874E+01  1.2874E+01  1.2874E+01  1.2874E+01  1.2874E+01  1.2874E+01  1.2874E+01  1.2874E+01  1.2874E+01  1.2874E+01  1.2874E+01  1.2874E+01  1.2874E+01  1.2874E+01  1.2874E+01  1.2874E+01   3
6435622   2  2.6025E-02  2.6025E-02  2.6025E-02  2.6025E-02  2.6025E-02  2.6025E-02  2.6025E-02  2.6025E-02  2.6025E-02  2.6025E-02  2.6025E-02  2.6025E-02  2.6025E-02  2.6025E-02  2.6025E-02  2.6025E-02  2.6025E-02  2.6025E-02  2.6025E-02  2.6025E-02  2.6025E-02  2.6025E-02  2.6025E-02  2.6025E-02   3
6438813   2  6.1345E-01  6.1345E-01  6.1345E-01  6.1345E-01  6.1345E-01  6.1345E-01  6.1345E-01  6.1345E-01  6.1345E-01  6.1345E-01  6.1345E-01  6.1345E-01  6.1345E-01  6.1345E-01  6.1345E-01  6.1345E-01  6.1345E-01  6.1345E-01  6.1345E-01  6.1345E-01  6.1345E-01  6.1345E-01  6.1345E-01  6.1345E-01   3
6438803   2  7.8076E-01  7.8076E-01  7.8076E-01  7.8076E-01  7.8076E-01  7.8076E-01  7.8076E-01  7.8076E-01  7.8076E-01  7.8076E-01  7.8076E-01  7.8076E-01  7.8076E-01  7.8076E-01  7.8076E-01  7.8076E-01  7.8076E-01  7.8076E-01  7.8076E-01  7.8076E-01  7.8076E-01  7.8076E-01  7.8076E-01  7.8076E-01   3
6422940   3  1.3114E+03  1.3114E+03  1.3114E+03  1.3114E+03  1.3114E+03  1.3114E+03  1.3114E+03  1.3114E+03  1.3114E+03  1.3114E+03  1.3114E+03  1.3114E+03  1.3114E+03  1.3114E+03  1.3114E+03  1.3114E+03  1.3114E+03  1.3114E+03  1.3114E+03  1.3114E+03  1.3114E+03  1.3114E+03  1.3114E+03  1.3114E+03   4
6432439   5  5.9095E+00  5.9095E+00  5.9095E+00  5.9095E+00  5.9095E+00  5.9095E+00  5.9095E+00  5.9095E+00  5.9095E+00  5.9095E+00  5.9095E+00  5.9095E+00  5.9095E+00  5.9095E+00  5.9095E+00  5.9095E+00  5.9095E+00  5.9095E+00  5.9095E+00  5.9095E+00  5.9095E+00  5.9095E+00  5.9095E+00  5.9095E+00   6
6441986   2  9.5652E-01  9.5652E-01  9.5652E-01  9.5652E-01  9.5652E-01  9.5652E-01  9.5652E-01  9.5652E-01  9.5652E-01  9.5652E-01  9.5652E-01  9.5652E-01  9.5652E-01  9.5652E-01  9.5652E-01  9.5652E-01  9.5652E-01  9.5652E-01  9.5652E-01  9.5652E-01  9.5652E-01  9.5652E-01  9.5652E-01  9.5652E-01   3
6441980   3  1.2363E+00  1.2363E+00  1.2363E+00  1.2363E+00  1.2363E+00  1.2363E+00  1.2363E+00  1.2363E+00  1.2363E+00  1.2363E+00  1.2363E+00  1.2363E+00  1.2363E+00  1.2363E+00  1.2363E+00  1.2363E+00  1.2363E+00  1.2363E+00  1.2363E+00  1.2363E+00  1.2363E+00  1.2363E+00  1.2363E+00  1.2363E+00   4
6429279   4  3.1284E+00  3.1284E+00  3.1284E+00  3.1284E+00  3.1284E+00  3.1284E+00  3.1284E+00  3.1284E+00  3.1284E+00  3.1284E+00  3.1284E+00  3.1284E+00  3.1284E+00  3.1284E+00  3.1284E+00  3.1284E+00  3.1284E+00  3.1284E+00  3.1284E+00  3.1284E+00  3.1284E+00  3.1284E+00  3.1284E+00  3.1284E+00   5
6432454   2  3.1470E+01  3.1470E+01  3.1470E+01  3.1470E+01  3.1470E+01  3.1470E+01  3.1470E+01  3.1470E+01  3.1470E+01  3.1470E+01  3.1470E+01  3.1470E+01  3.1470E+01  3.1470E+01  3.1470E+01  3.1470E+01  3.1470E+01  3.1470E+01  3.1470E+01  3.1470E+01  3.1470E+01  3.1470E+01  3.1470E+01  3.1470E+01   3
6448335   2  4.5212E+00  4.5212E+00  4.5212E+00  4.5212E+00  4.5212E+00  4.5212E+00  4.5212E+00  4.5212E+00  4.5212E+00  4.5212E+00  4.5212E+00  4.5212E+00  4.5212E+00  4.5212E+00  4.5212E+00  4.5212E+00  4.5212E+00  4.5212E+00  4.5212E+00  4.5212E+00  4.5212E+00  4.5212E+00  4.5212E+00  4.5212E+00   3
6445158   2  3.4557E+00  3.4557E+00  3.4557E+00  3.4557E+00  3.4557E+00  3.4557E+00  3.4557E+00  3.4557E+00  3.4557E+00  3.4557E+00  3.4557E+00  3.4557E+00  3.4557E+00  3.4557E+00  3.4557E+00  3.4557E+00  3.4557E+00  3.4557E+00  3.4557E+00  3.4557E+00  3.4557E+00  3.4557E+00  3.4557E+00  3.4557E+00   3
6387947   2  3.8770E+00  3.8770E+00  3.8770E+00  3.8770E+00  3.8770E+00  3.8770E+00  3.8770E+00  3.8770E+00  3.8770E+00  3.8770E+00  3.8770E+00  3.8770E+00  3.8770E+00  3.8770E+00  3.8770E+00  3.8770E+00  3.8770E+00  3.8770E+00  3.8770E+00  3.8770E+00  3.8770E+00  3.8770E+00  3.8770E+00  3.8770E+00   3
6426099   5  1.8608E+00  1.8608E+00  1.8608E+00  1.8608E+00  1.8608E+00  1.8608E+00  1.8608E+00  1.8608E+00  1.8608E+00  1.8608E+00  1.8608E+00  1.8608E+00  1.8608E+00  1.8608E+00  1.8608E+00  1.8608E+00  1.8608E+00  1.8608E+00  1.8608E+00  1.8608E+00  1.8608E+00  1.8608E+00  1.8608E+00  1.8608E+00   6
6410213   3  3.8575E+00  3.8575E+00  3.8575E+00  3.8575E+00  3.8575E+00  3.8575E+00  3.8575E+00  3.8575E+00  3.8575E+00  3.8575E+00  3.8575E+00  3.8575E+00  3.8575E+00  3.8575E+00  3.8575E+00  3.8575E+00  3.8575E+00  3.8575E+00  3.8575E+00  3.8575E+00  3.8575E+00  3.8575E+00  3.8575E+00  3.8575E+00   4
6422927   2  1.2090E+01  1.2090E+01  1.2090E+01  1.2090E+01  1.2090E+01  1.2090E+01  1.2090E+01  1.2090E+01  1.2090E+01  1.2090E+01  1.2090E+01  1.2090E+01  1.2090E+01  1.2090E+01  1.2090E+01  1.2090E+01  1.2090E+01  1.2090E+01  1.2090E+01  1.2090E+01  1.2090E+01  1.2090E+01  1.2090E+01  1.2090E+01   3
6438815   2  1.9302E-01  1.9302E-01  1.9302E-01  1.9302E-01  1.9302E-01  1.9302E-01  1.9302E-01  1.9302E-01  1.9302E-01  1.9302E-01  1.9302E-01  1.9302E-01  1.9302E-01  1.9302E-01  1.9302E-01  1.9302E-01  1.9302E-01  1.9302E-01  1.9302E-01  1.9302E-01  1.9302E-01  1.9302E-01  1.9302E-01  1.9302E-01   3
6432456   3  2.6216E+00  2.6216E+00  2.6216E+00  2.6216E+00  2.6216E+00  2.6216E+00  2.6216E+00  2.6216E+00  2.6216E+00  2.6216E+00  2.6216E+00  2.6216E+00  2.6216E+00  2.6216E+00  2.6216E+00  2.6216E+00  2.6216E+00  2.6216E+00  2.6216E+00  2.6216E+00  2.6216E+00  2.6216E+00  2.6216E+00  2.6216E+00   4
6435625   3  3.1833E-01  3.1833E-01  3.1833E-01  3.1833E-01  3.1833E-01  3.1833E-01  3.1833E-01  3.1833E-01  3.1833E-01  3.1833E-01  3.1833E-01  3.1833E-01  3.1833E-01  3.1833E-01  3.1833E-01  3.1833E-01  3.1833E-01  3.1833E-01  3.1833E-01  3.1833E-01  3.1833E-01  3.1833E-01  3.1833E-01  3.1833E-01   4
6442004   1  3.2535E+00  3.2535E+00  3.2535E+00  3.2535E+00  3.2535E+00  3.2535E+00  3.2535E+00  3.2535E+00  3.2535E+00  3.2535E+00  3.2535E+00  3.2535E+00  3.2535E+00  3.2535E+00  3.2535E+00  3.2535E+00  3.2535E+00  3.2535E+00  3.2535E+00  3.2535E+00  3.2535E+00  3.2535E+00  3.2535E+00  3.2535E+00   2
6426092   2  1.0330E+01  1.0330E+01  1.0330E+01  1.0330E+01  1.0330E+01  1.0330E+01  1.0330E+01  1.0330E+01  1.0330E+01  1.0330E+01  1.0330E+01  1.0330E+01  1.0330E+01  1.0330E+01  1.0330E+01  1.0330E+01  1.0330E+01  1.0330E+01  1.0330E+01  1.0330E+01  1.0330E+01  1.0330E+01  1.0330E+01  1.0330E+01   3
6413386   1  9.7235E-01  9.7235E-01  9.7235E-01  9.7235E-01  9.7235E-01  9.7235E-01  9.7235E-01  9.7235E-01  9.7235E-01  9.7235E-01  9.7235E-01  9.7235E-01  9.7235E-01  9.7235E-01  9.7235E-01  9.7235E-01  9.7235E-01  9.7235E-01  9.7235E-01  9.7235E-01  9.7235E-01  9.7235E-01  9.7235E-01  9.7235E-01   2
6416564   2  4.2794E+00  4.2794E+00  4.2794E+00  4.2794E+00  4.2794E+00  4.2794E+00  4.2794E+00  4.2794E+00  4.2794E+00  4.2794E+00  4.2794E+00  4.2794E+00  4.2794E+00  4.2794E+00  4.2794E+00  4.2794E+00  4.2794E+00  4.2794E+00  4.2794E+00  4.2794E+00  4.2794E+00  4.2794E+00  4.2794E+00  4.2794E+00   3
6413391   7  1.0690E-01  1.0690E-01  1.0690E-01  1.0690E-01  1.0690E-01  1.0690E-01  1.0690E-01  1.0690E-01  1.0690E-01  1.0690E-01  1.0690E-01  1.0690E-01  1.0690E-01  1.0690E-01  1.0690E-01  1.0690E-01  1.0690E-01  1.0690E-01  1.0690E-01  1.0690E-01  1.0690E-01  1.0690E-01  1.0690E-01  1.0690E-01   8
6441979   7  2.6489E-01  2.6489E-01  2.6489E-01  2.6489E-01  2.6489E-01  2.6489E-01  2.6489E-01  2.6489E-01  2.6489E-01  2.6489E-01  2.6489E-01  2.6489E-01  2.6489E-01  2.6489E-01  2.6489E-01  2.6489E-01  2.6489E-01  2.6489E-01  2.6489E-01  2.6489E-01  2.6489E-01  2.6489E-01  2.6489E-01  2.6489E-01   8
6416558   7  1.3844E+02  1.3844E+02  1.3844E+02  1.3844E+02  1.3844E+02  1.3844E+02  1.3844E+02  1.3844E+02  1.3844E+02  1.3844E+02  1.3844E+02  1.3844E+02  1.3844E+02  1.3844E+02  1.3844E+02  1.3844E+02  1.3844E+02  1.3844E+02  1.3844E+02  1.3844E+02  1.3844E+02  1.3844E+02  1.3844E+02  1.3844E+02   8
6410210   5  7.9147E-01  7.9147E-01  7.9147E-01  7.9147E-01  7.9147E-01  7.9147E-01  7.9147E-01  7.9147E-01  7.9147E-01  7.9147E-01  7.9147E-01  7.9147E-01  7.9147E-01  7.9147E-01  7.9147E-01  7.9147E-01  7.9147E-01  7.9147E-01  7.9147E-01  7.9147E-01  7.9147E-01  7.9147E-01  7.9147E-01  7.9147E-01   6
6426093   7  1.6969E+00  1.6969E+00  1.6969E+00  1.6969E+00  1.6969E+00  1.6969E+00  1.6969E+00  1.6969E+00  1.6969E+00  1.6969E+00  1.6969E+00  1.6969E+00  1.6969E+00  1.6969E+00  1.6969E+00  1.6969E+00  1.6969E+00  1.6969E+00  1.6969E+00  1.6969E+00  1.6969E+00  1.6969E+00  1.6969E+00  1.6969E+00   8
6435634   7  2.5097E-01  2.5097E-01  2.5097E-01  2.5097E-01  2.5097E-01  2.5097E-01  2.5097E-01  2.5097E-01  2.5097E-01  2.5097E-01  2.5097E-01  2.5097E-01  2.5097E-01  2.5097E-01  2.5097E-01  2.5097E-01  2.5097E-01  2.5097E-01  2.5097E-01  2.5097E-01  2.5097E-01  2.5097E-01  2.5097E-01  2.5097E-01   8
6419755   7  4.3126E-02  4.3126E-02  4.3126E-02  4.3126E-02  4.3126E-02  4.3126E-02  4.3126E-02  4.3126E-02  4.3126E-02  4.3126E-02  4.3126E-02  4.3126E-02  4.3126E-02  4.3126E-02  4.3126E-02  4.3126E-02  4.3126E-02  4.3126E-02  4.3126E-02  4.3126E-02  4.3126E-02  4.3126E-02  4.3126E-02  4.3126E-02   8
6426091   7  3.8175E+00  3.8175E+00  3.8175E+00  3.8175E+00  3.8175E+00  3.8175E+00  3.8175E+00  3.8175E+00  3.8175E+00  3.8175E+00  3.8175E+00  3.8175E+00  3.8175E+00  3.8175E+00  3.8175E+00  3.8175E+00  3.8175E+00  3.8175E+00  3.8175E+00  3.8175E+00  3.8175E+00  3.8175E+00  3.8175E+00  3.8175E+00   8
6407033   4  6.9627E+00  6.9627E+00  6.9627E+00  6.9627E+00  6.9627E+00  6.9627E+00  6.9627E+00  6.9627E+00  6.9627E+00  6.9627E+00  6.9627E+00  6.9627E+00  6.9627E+00  6.9627E+00  6.9627E+00  6.9627E+00  6.9627E+00  6.9627E+00  6.9627E+00  6.9627E+00  6.9627E+00  6.9627E+00  6.9627E+00  6.9627E+00   5
6448332   4  5.3584E-01  5.3584E-01  5.3584E-01  5.3584E-01  5.3584E-01  5.3584E-01  5.3584E-01  5.3584E-01  5.3584E-01  5.3584E-01  5.3584E-01  5.3584E-01  5.3584E-01  5.3584E-01  5.3584E-01  5.3584E-01  5.3584E-01  5.3584E-01  5.3584E-01  5.3584E-01  5.3584E-01  5.3584E-01  5.3584E-01  5.3584E-01   5
6397483   2  9.3879E-01  9.3879E-01  9.3879E-01  9.3879E-01  9.3879E-01  9.3879E-01  9.3879E-01  9.3879E-01  9.3879E-01  9.3879E-01  9.3879E-01  9.3879E-01  9.3879E-01  9.3879E-01  9.3879E-01  9.3879E-01  9.3879E-01  9.3879E-01  9.3879E-01  9.3879E-01  9.3879E-01  9.3879E-01  9.3879E-01  9.3879E-01   3
6448342   2  1.4875E-01  1.4875E-01  1.4875E-01  1.4875E-01  1.4875E-01  1.4875E-01  1.4875E-01  1.4875E-01  1.4875E-01  1.4875E-01  1.4875E-01  1.4875E-01  1.4875E-01  1.4875E-01  1.4875E-01  1.4875E-01  1.4875E-01  1.4875E-01  1.4875E-01  1.4875E-01  1.4875E-01  1.4875E-01  1.4875E-01  1.4875E-01   3
6416578   2  2.4097E+01  2.4097E+01  2.4097E+01  2.4097E+01  2.4097E+01  2.4097E+01  2.4097E+01  2.4097E+01  2.4097E+01  2.4097E+01  2.4097E+01  2.4097E+01  2.4097E+01  2.4097E+01  2.4097E+01  2.4097E+01  2.4097E+01  2.4097E+01  2.4097E+01  2.4097E+01  2.4097E+01  2.4097E+01  2.4097E+01  2.4097E+01   3
6381593   2  5.8725E-02  5.8725E-02  5.8725E-02  5.8725E-02  5.8725E-02  5.8725E-02  5.8725E-02  5.8725E-02  5.8725E-02  5.8725E-02  5.8725E-02  5.8725E-02  5.8725E-02  5.8725E-02  5.8725E-02  5.8725E-02  5.8725E-02  5.8725E-02  5.8725E-02  5.8725E-02  5.8725E-02  5.8725E-02  5.8725E-02  5.8725E-02   3
6426101   2  9.6676E-03  9.6676E-03  9.6676E-03  9.6676E-03  9.6676E-03  9.6676E-03  9.6676E-03  9.6676E-03  9.6676E-03  9.6676E-03  9.6676E-03  9.6676E-03  9.6676E-03  9.6676E-03  9.6676E-03  9.6676E-03  9.6676E-03  9.6676E-03  9.6676E-03  9.6676E-03  9.6676E-03  9.6676E-03  9.6676E-03  9.6676E-03   3
6438810   2  2.4169E-03  2.4169E-03  2.4169E-03  2.4169E-03  2.4169E-03  2.4169E-03  2.4169E-03  2.4169E-03  2.4169E-03  2.4169E-03  2.4169E-03  2.4169E-03  2.4169E-03  2.4169E-03  2.4169E-03  2.4169E-03  2.4169E-03  2.4169E-03  2.4169E-03  2.4169E-03  2.4169E-03  2.4169E-03  2.4169E-03  2.4169E-03   3
6407019   2  4.1829E-02  4.1829E-02  4.1829E-02  4.1829E-02  4.1829E-02  4.1829E-02  4.1829E-02  4.1829E-02  4.1829E-02  4.1829E-02  4.1829E-02  4.1829E-02  4.1829E-02  4.1829E-02  4.1829E-02  4.1829E-02  4.1829E-02  4.1829E-02  4.1829E-02  4.1829E-02  4.1829E-02  4.1829E-02  4.1829E-02  4.1829E-02   3
6448345   2  2.0856E+00  2.0856E+00  2.0856E+00  2.0856E+00  2.0856E+00  2.0856E+00  2.0856E+00  2.0856E+00  2.0856E+00  2.0856E+00  2.0856E+00  2.0856E+00  2.0856E+00  2.0856E+00  2.0856E+00  2.0856E+00  2.0856E+00  2.0856E+00  2.0856E+00  2.0856E+00  2.0856E+00  2.0856E+00  2.0856E+00  2.0856E+00   3
6448346   2  1.0983E+01  1.0983E+01  1.0983E+01  1.0983E+01  1.0983E+01  1.0983E+01  1.0983E+01  1.0983E+01  1.0983E+01  1.0983E+01  1.0983E+01  1.0983E+01  1.0983E+01  1.0983E+01  1.0983E+01  1.0983E+01  1.0983E+01  1.0983E+01  1.0983E+01  1.0983E+01  1.0983E+01  1.0983E+01  1.0983E+01  1.0983E+01   3
6429266   2  3.0678E-01  3.0678E-01  3.0678E-01  3.0678E-01  3.0678E-01  3.0678E-01  3.0678E-01  3.0678E-01  3.0678E-01  3.0678E-01  3.0678E-01  3.0678E-01  3.0678E-01  3.0678E-01  3.0678E-01  3.0678E-01  3.0678E-01  3.0678E-01  3.0678E-01  3.0678E-01  3.0678E-01  3.0678E-01  3.0678E-01  3.0678E-01   3
6407034   2  6.0316E+00  6.0316E+00  6.0316E+00  6.0316E+00  6.0316E+00  6.0316E+00  6.0316E+00  6.0316E+00  6.0316E+00  6.0316E+00  6.0316E+00  6.0316E+00  6.0316E+00  6.0316E+00  6.0316E+00  6.0316E+00  6.0316E+00  6.0316E+00  6.0316E+00  6.0316E+00  6.0316E+00  6.0316E+00  6.0316E+00  6.0316E+00   3
6438805   2  9.1750E+00  9.1750E+00  9.1750E+00  9.1750E+00  9.1750E+00  9.1750E+00  9.1750E+00  9.1750E+00  9.1750E+00  9.1750E+00  9.1750E+00  9.1750E+00  9.1750E+00  9.1750E+00  9.1750E+00  9.1750E+00  9.1750E+00  9.1750E+00  9.1750E+00  9.1750E+00  9.1750E+00  9.1750E+00  9.1750E+00  9.1750E+00   3
6426097   2  1.4508E+02  1.4508E+02  1.4508E+02  1.4508E+02  1.4508E+02  1.4508E+02  1.4508E+02  1.4508E+02  1.4508E+02  1.4508E+02  1.4508E+02  1.4508E+02  1.4508E+02  1.4508E+02  1.4508E+02  1.4508E+02  1.4508E+02  1.4508E+02  1.4508E+02  1.4508E+02  1.4508E+02  1.4508E+02  1.4508E+02  1.4508E+02   3
6413389   2  1.8112E+03  1.8112E+03  1.8112E+03  1.8112E+03  1.8112E+03  1.8112E+03  1.8112E+03  1.8112E+03  1.8112E+03  1.8112E+03  1.8112E+03  1.8112E+03  1.8112E+03  1.8112E+03  1.8112E+03  1.8112E+03  1.8112E+03  1.8112E+03  1.8112E+03  1.8112E+03  1.8112E+03  1.8112E+03  1.8112E+03  1.8112E+03   3
6429275   2  2.8098E+00  2.8098E+00  2.8098E+00  2.8098E+00  2.8098E+00  2.8098E+00  2.8098E+00  2.8098E+00  2.8098E+00  2.8098E+00  2.8098E+00  2.8098E+00  2.8098E+00  2.8098E+00  2.8098E+00  2.8098E+00  2.8098E+00  2.8098E+00  2.8098E+00  2.8098E+00  2.8098E+00  2.8098E+00  2.8098E+00  2.8098E+00   3
6416563   2  1.8588E-04  1.8588E-04  1.8588E-04  1.8588E-04  1.8588E-04  1.8588E-04  1.8588E-04  1.8588E-04  1.8588E-04  1.8588E-04  1.8588E-04  1.8588E-04  1.8588E-04  1.8588E-04  1.8588E-04  1.8588E-04  1.8588E-04  1.8588E-04  1.8588E-04  1.8588E-04  1.8588E-04  1.8588E-04  1.8588E-04  1.8588E-04   3
6448333   2  1.9152E+01  1.9152E+01  1.9152E+01  1.9152E+01  1.9152E+01  1.9152E+01  1.9152E+01  1.9152E+01  1.9152E+01  1.9152E+01  1.9152E+01  1.9152E+01  1.9152E+01  1.9152E+01  1.9152E+01  1.9152E+01  1.9152E+01  1.9152E+01  1.9152E+01  1.9152E+01  1.9152E+01  1.9152E+01  1.9152E+01  1.9152E+01   3
6432459   2  2.0444E-01  2.0444E-01  2.0444E-01  2.0444E-01  2.0444E-01  2.0444E-01  2.0444E-01  2.0444E-01  2.0444E-01  2.0444E-01  2.0444E-01  2.0444E-01  2.0444E-01  2.0444E-01  2.0444E-01  2.0444E-01  2.0444E-01  2.0444E-01  2.0444E-01  2.0444E-01  2.0444E-01  2.0444E-01  2.0444E-01  2.0444E-01   3
6435635   2  1.3547E+01  1.3547E+01  1.3547E+01  1.3547E+01  1.3547E+01  1.3547E+01  1.3547E+01  1.3547E+01  1.3547E+01  1.3547E+01  1.3547E+01  1.3547E+01  1.3547E+01  1.3547E+01  1.3547E+01  1.3547E+01  1.3547E+01  1.3547E+01  1.3547E+01  1.3547E+01  1.3547E+01  1.3547E+01  1.3547E+01  1.3547E+01   3
6426103   2  3.2082E+01  3.2082E+01  3.2082E+01  3.2082E+01  3.2082E+01  3.2082E+01  3.2082E+01  3.2082E+01  3.2082E+01  3.2082E+01  3.2082E+01  3.2082E+01  3.2082E+01  3.2082E+01  3.2082E+01  3.2082E+01  3.2082E+01  3.2082E+01  3.2082E+01  3.2082E+01  3.2082E+01  3.2082E+01  3.2082E+01  3.2082E+01   3
6441991   2  2.4169E-01  2.4169E-01  2.4169E-01  2.4169E-01  2.4169E-01  2.4169E-01  2.4169E-01  2.4169E-01  2.4169E-01  2.4169E-01  2.4169E-01  2.4169E-01  2.4169E-01  2.4169E-01  2.4169E-01  2.4169E-01  2.4169E-01  2.4169E-01  2.4169E-01  2.4169E-01  2.4169E-01  2.4169E-01  2.4169E-01  2.4169E-01   3
6410204   2  2.9619E-01  2.9619E-01  2.9619E-01  2.9619E-01  2.9619E-01  2.9619E-01  2.9619E-01  2.9619E-01  2.9619E-01  2.9619E-01  2.9619E-01  2.9619E-01  2.9619E-01  2.9619E-01  2.9619E-01  2.9619E-01  2.9619E-01  2.9619E-01  2.9619E-01  2.9619E-01  2.9619E-01  2.9619E-01  2.9619E-01  2.9619E-01   3
6410203   2  1.7731E-01  1.7731E-01  1.7731E-01  1.7731E-01  1.7731E-01  1.7731E-01  1.7731E-01  1.7731E-01  1.7731E-01  1.7731E-01  1.7731E-01  1.7731E-01  1.7731E-01  1.7731E-01  1.7731E-01  1.7731E-01  1.7731E-01  1.7731E-01  1.7731E-01  1.7731E-01  1.7731E-01  1.7731E-01  1.7731E-01  1.7731E-01   3
6441984   2  2.0432E+00  2.0432E+00  2.0432E+00  2.0432E+00  2.0432E+00  2.0432E+00  2.0432E+00  2.0432E+00  2.0432E+00  2.0432E+00  2.0432E+00  2.0432E+00  2.0432E+00  2.0432E+00  2.0432E+00  2.0432E+00  2.0432E+00  2.0432E+00  2.0432E+00  2.0432E+00  2.0432E+00  2.0432E+00  2.0432E+00  2.0432E+00   3
6448336   2  5.0742E+00  5.0742E+00  5.0742E+00  5.0742E+00  5.0742E+00  5.0742E+00  5.0742E+00  5.0742E+00  5.0742E+00  5.0742E+00  5.0742E+00  5.0742E+00  5.0742E+00  5.0742E+00  5.0742E+00  5.0742E+00  5.0742E+00  5.0742E+00  5.0742E+00  5.0742E+00  5.0742E+00  5.0742E+00  5.0742E+00  5.0742E+00   3
6410211   2  2.6680E+00  2.6680E+00  2.6680E+00  2.6680E+00  2.6680E+00  2.6680E+00  2.6680E+00  2.6680E+00  2.6680E+00  2.6680E+00  2.6680E+00  2.6680E+00  2.6680E+00  2.6680E+00  2.6680E+00  2.6680E+00  2.6680E+00  2.6680E+00  2.6680E+00  2.6680E+00  2.6680E+00  2.6680E+00  2.6680E+00  2.6680E+00   3
6438807   2  3.2713E+00  3.2713E+00  3.2713E+00  3.2713E+00  3.2713E+00  3.2713E+00  3.2713E+00  3.2713E+00  3.2713E+00  3.2713E+00  3.2713E+00  3.2713E+00  3.2713E+00  3.2713E+00  3.2713E+00  3.2713E+00  3.2713E+00  3.2713E+00  3.2713E+00  3.2713E+00  3.2713E+00  3.2713E+00  3.2713E+00  3.2713E+00   3
6438809   2  6.7949E+00  6.7949E+00  6.7949E+00  6.7949E+00  6.7949E+00  6.7949E+00  6.7949E+00  6.7949E+00  6.7949E+00  6.7949E+00  6.7949E+00  6.7949E+00  6.7949E+00  6.7949E+00  6.7949E+00  6.7949E+00  6.7949E+00  6.7949E+00  6.7949E+00  6.7949E+00  6.7949E+00  6.7949E+00  6.7949E+00  6.7949E+00   3
6387948   2  1.3483E+01  1.3483E+01  1.3483E+01  1.3483E+01  1.3483E+01  1.3483E+01  1.3483E+01  1.3483E+01  1.3483E+01  1.3483E+01  1.3483E+01  1.3483E+01  1.3483E+01  1.3483E+01  1.3483E+01  1.3483E+01  1.3483E+01  1.3483E+01  1.3483E+01  1.3483E+01  1.3483E+01  1.3483E+01  1.3483E+01  1.3483E+01   3
6432455   2  4.1376E-01  4.1376E-01  4.1376E-01  4.1376E-01  4.1376E-01  4.1376E-01  4.1376E-01  4.1376E-01  4.1376E-01  4.1376E-01  4.1376E-01  4.1376E-01  4.1376E-01  4.1376E-01  4.1376E-01  4.1376E-01  4.1376E-01  4.1376E-01  4.1376E-01  4.1376E-01  4.1376E-01  4.1376E-01  4.1376E-01  4.1376E-01   3
6419736   2  4.9207E+00  4.9207E+00  4.9207E+00  4.9207E+00  4.9207E+00  4.9207E+00  4.9207E+00  4.9207E+00  4.9207E+00  4.9207E+00  4.9207E+00  4.9207E+00  4.9207E+00  4.9207E+00  4.9207E+00  4.9207E+00  4.9207E+00  4.9207E+00  4.9207E+00  4.9207E+00  4.9207E+00  4.9207E+00  4.9207E+00  4.9207E+00   3
6410215   2  1.1405E+00  1.1405E+00  1.1405E+00  1.1405E+00  1.1405E+00  1.1405E+00  1.1405E+00  1.1405E+00  1.1405E+00  1.1405E+00  1.1405E+00  1.1405E+00  1.1405E+00  1.1405E+00  1.1405E+00  1.1405E+00  1.1405E+00  1.1405E+00  1.1405E+00  1.1405E+00  1.1405E+00  1.1405E+00  1.1405E+00  1.1405E+00   3
6441987   2  5.2134E+00  5.2134E+00  5.2134E+00  5.2134E+00  5.2134E+00  5.2134E+00  5.2134E+00  5.2134E+00  5.2134E+00  5.2134E+00  5.2134E+00  5.2134E+00  5.2134E+00  5.2134E+00  5.2134E+00  5.2134E+00  5.2134E+00  5.2134E+00  5.2134E+00  5.2134E+00  5.2134E+00  5.2134E+00  5.2134E+00  5.2134E+00   3
6394304   2  1.2078E-01  1.2078E-01  1.2078E-01  1.2078E-01  1.2078E-01  1.2078E-01  1.2078E-01  1.2078E-01  1.2078E-01  1.2078E-01  1.2078E-01  1.2078E-01  1.2078E-01  1.2078E-01  1.2078E-01  1.2078E-01  1.2078E-01  1.2078E-01  1.2078E-01  1.2078E-01  1.2078E-01  1.2078E-01  1.2078E-01  1.2078E-01   3
6429276   2  1.1971E+02  1.1971E+02  1.1971E+02  1.1971E+02  1.1971E+02  1.1971E+02  1.1971E+02  1.1971E+02  1.1971E+02  1.1971E+02  1.1971E+02  1.1971E+02  1.1971E+02  1.1971E+02  1.1971E+02  1.1971E+02  1.1971E+02  1.1971E+02  1.1971E+02  1.1971E+02  1.1971E+02  1.1971E+02  1.1971E+02  1.1971E+02   3
6432450   2  3.3463E-01  3.3463E-01  3.3463E-01  3.3463E-01  3.3463E-01  3.3463E-01  3.3463E-01  3.3463E-01  3.3463E-01  3.3463E-01  3.3463E-01  3.3463E-01  3.3463E-01  3.3463E-01  3.3463E-01  3.3463E-01  3.3463E-01  3.3463E-01  3.3463E-01  3.3463E-01  3.3463E-01  3.3463E-01  3.3463E-01  3.3463E-01   3
6362513   5  1.3058E-02  1.3058E-02  1.3058E-02  1.3058E-02  1.3058E-02  1.3058E-02  1.3058E-02  1.3058E-02  1.3058E-02  1.3058E-02  1.3058E-02  1.3058E-02  1.3058E-02  1.3058E-02  1.3058E-02  1.3058E-02  1.3058E-02  1.3058E-02  1.3058E-02  1.3058E-02  1.3058E-02  1.3058E-02  1.3058E-02  1.3058E-02   6
6362517   5  1.3058E-02  1.3058E-02  1.3058E-02  1.3058E-02  1.3058E-02  1.3058E-02  1.3058E-02  1.3058E-02  1.3058E-02  1.3058E-02  1.3058E-02  1.3058E-02  1.3058E-02  1.3058E-02  1.3058E-02  1.3058E-02  1.3058E-02  1.3058E-02  1.3058E-02  1.3058E-02  1.3058E-02  1.3058E-02  1.3058E-02  1.3058E-02   6
6362520   6  1.3058E-02  1.3058E-02  1.3058E-02  1.3058E-02  1.3058E-02  1.3058E-02  1.3058E-02  1.3058E-02  1.3058E-02  1.3058E-02  1.3058E-02  1.3058E-02  1.3058E-02  1.3058E-02  1.3058E-02  1.3058E-02  1.3058E-02  1.3058E-02  1.3058E-02  1.3058E-02  1.3058E-02  1.3058E-02  1.3058E-02  1.3058E-02   7
6359345   3  1.3058E-02  1.3058E-02  1.3058E-02  1.3058E-02  1.3058E-02  1.3058E-02  1.3058E-02  1.3058E-02  1.3058E-02  1.3058E-02  1.3058E-02  1.3058E-02  1.3058E-02  1.3058E-02  1.3058E-02  1.3058E-02  1.3058E-02  1.3058E-02  1.3058E-02  1.3058E-02  1.3058E-02  1.3058E-02  1.3058E-02  1.3058E-02   4
6359349   5  1.3058E-02  1.3058E-02  1.3058E-02  1.3058E-02  1.3058E-02  1.3058E-02  1.3058E-02  1.3058E-02  1.3058E-02  1.3058E-02  1.3058E-02  1.3058E-02  1.3058E-02  1.3058E-02  1.3058E-02  1.3058E-02  1.3058E-02  1.3058E-02  1.3058E-02  1.3058E-02  1.3058E-02  1.3058E-02  1.3058E-02  1.3058E-02   6
6359352   5  1.3058E-02  1.3058E-02  1.3058E-02  1.3058E-02  1.3058E-02  1.3058E-02  1.3058E-02  1.3058E-02  1.3058E-02  1.3058E-02  1.3058E-02  1.3058E-02  1.3058E-02  1.3058E-02  1.3058E-02  1.3058E-02  1.3058E-02  1.3058E-02  1.3058E-02  1.3058E-02  1.3058E-02  1.3058E-02  1.3058E-02  1.3058E-02   6
6375226   6  1.3058E-02  1.3058E-02  1.3058E-02  1.3058E-02  1.3058E-02  1.3058E-02  1.3058E-02  1.3058E-02  1.3058E-02  1.3058E-02  1.3058E-02  1.3058E-02  1.3058E-02  1.3058E-02  1.3058E-02  1.3058E-02  1.3058E-02  1.3058E-02  1.3058E-02  1.3058E-02  1.3058E-02  1.3058E-02  1.3058E-02  1.3058E-02   7
6375229   2  1.3058E-02  1.3058E-02  1.3058E-02  1.3058E-02  1.3058E-02  1.3058E-02  1.3058E-02  1.3058E-02  1.3058E-02  1.3058E-02  1.3058E-02  1.3058E-02  1.3058E-02  1.3058E-02  1.3058E-02  1.3058E-02  1.3058E-02  1.3058E-02  1.3058E-02  1.3058E-02  1.3058E-02  1.3058E-02  1.3058E-02  1.3058E-02   3
6372058   2  1.3058E-02  1.3058E-02  1.3058E-02  1.3058E-02  1.3058E-02  1.3058E-02  1.3058E-02  1.3058E-02  1.3058E-02  1.3058E-02  1.3058E-02  1.3058E-02  1.3058E-02  1.3058E-02  1.3058E-02  1.3058E-02  1.3058E-02  1.3058E-02  1.3058E-02  1.3058E-02  1.3058E-02  1.3058E-02  1.3058E-02  1.3058E-02   3
6372061   3  1.3058E-02  1.3058E-02  1.3058E-02  1.3058E-02  1.3058E-02  1.3058E-02  1.3058E-02  1.3058E-02  1.3058E-02  1.3058E-02  1.3058E-02  1.3058E-02  1.3058E-02  1.3058E-02  1.3058E-02  1.3058E-02  1.3058E-02  1.3058E-02  1.3058E-02  1.3058E-02  1.3058E-02  1.3058E-02  1.3058E-02  1.3058E-02   4
6368887   3  1.3058E-02  1.3058E-02  1.3058E-02  1.3058E-02  1.3058E-02  1.3058E-02  1.3058E-02  1.3058E-02  1.3058E-02  1.3058E-02  1.3058E-02  1.3058E-02  1.3058E-02  1.3058E-02  1.3058E-02  1.3058E-02  1.3058E-02  1.3058E-02  1.3058E-02  1.3058E-02  1.3058E-02  1.3058E-02  1.3058E-02  1.3058E-02   4
6368890   3  1.3058E-02  1.3058E-02  1.3058E-02  1.3058E-02  1.3058E-02  1.3058E-02  1.3058E-02  1.3058E-02  1.3058E-02  1.3058E-02  1.3058E-02  1.3058E-02  1.3058E-02  1.3058E-02  1.3058E-02  1.3058E-02  1.3058E-02  1.3058E-02  1.3058E-02  1.3058E-02  1.3058E-02  1.3058E-02  1.3058E-02  1.3058E-02   4
6387938   4  1.3058E-02  1.3058E-02  1.3058E-02  1.3058E-02  1.3058E-02  1.3058E-02  1.3058E-02  1.3058E-02  1.3058E-02  1.3058E-02  1.3058E-02  1.3058E-02  1.3058E-02  1.3058E-02  1.3058E-02  1.3058E-02  1.3058E-02  1.3058E-02  1.3058E-02  1.3058E-02  1.3058E-02  1.3058E-02  1.3058E-02  1.3058E-02   5
6387942   6  1.3058E-02  1.3058E-02  1.3058E-02  1.3058E-02  1.3058E-02  1.3058E-02  1.3058E-02  1.3058E-02  1.3058E-02  1.3058E-02  1.3058E-02  1.3058E-02  1.3058E-02  1.3058E-02  1.3058E-02  1.3058E-02  1.3058E-02  1.3058E-02  1.3058E-02  1.3058E-02  1.3058E-02  1.3058E-02  1.3058E-02  1.3058E-02   7
6387945   6  1.1068E-02  1.1068E-02  1.1068E-02  1.1068E-02  1.1068E-02  1.1068E-02  1.1068E-02  1.1068E-02  1.1068E-02  1.1068E-02  1.1068E-02  1.1068E-02  1.1068E-02  1.1068E-02  1.1068E-02  1.1068E-02  1.1068E-02  1.1068E-02  1.1068E-02  1.1068E-02  1.1068E-02  1.1068E-02  1.1068E-02  1.1068E-02   7
6384770   5  1.1068E-02  1.1068E-02  1.1068E-02  1.1068E-02  1.1068E-02  1.1068E-02  1.1068E-02  1.1068E-02  1.1068E-02  1.1068E-02  1.1068E-02  1.1068E-02  1.1068E-02  1.1068E-02  1.1068E-02  1.1068E-02  1.1068E-02  1.1068E-02  1.1068E-02  1.1068E-02  1.1068E-02  1.1068E-02  1.1068E-02  1.1068E-02   6
6413363   5  3.7638E-01  3.7638E-01  3.7638E-01  3.7638E-01  3.7638E-01  3.7638E-01  3.7638E-01  3.7638E-01  3.7638E-01  3.7638E-01  3.7638E-01  3.7638E-01  3.7638E-01  3.7638E-01  3.7638E-01  3.7638E-01  3.7638E-01  3.7638E-01  3.7638E-01  3.7638E-01  3.7638E-01  3.7638E-01  3.7638E-01  3.7638E-01   6
6426075   5  3.7638E-01  3.7638E-01  3.7638E-01  3.7638E-01  3.7638E-01  3.7638E-01  3.7638E-01  3.7638E-01  3.7638E-01  3.7638E-01  3.7638E-01  3.7638E-01  3.7638E-01  3.7638E-01  3.7638E-01  3.7638E-01  3.7638E-01  3.7638E-01  3.7638E-01  3.7638E-01  3.7638E-01  3.7638E-01  3.7638E-01  3.7638E-01   6
6426079   2  3.7638E-01  3.7638E-01  3.7638E-01  3.7638E-01  3.7638E-01  3.7638E-01  3.7638E-01  3.7638E-01  3.7638E-01  3.7638E-01  3.7638E-01  3.7638E-01  3.7638E-01  3.7638E-01  3.7638E-01  3.7638E-01  3.7638E-01  3.7638E-01  3.7638E-01  3.7638E-01  3.7638E-01  3.7638E-01  3.7638E-01  3.7638E-01   3
6426082   2  3.7638E-01  3.7638E-01  3.7638E-01  3.7638E-01  3.7638E-01  3.7638E-01  3.7638E-01  3.7638E-01  3.7638E-01  3.7638E-01  3.7638E-01  3.7638E-01  3.7638E-01  3.7638E-01  3.7638E-01  3.7638E-01  3.7638E-01  3.7638E-01  3.7638E-01  3.7638E-01  3.7638E-01  3.7638E-01  3.7638E-01  3.7638E-01   3
6441963   2  1.1953E+00  1.1953E+00  1.1953E+00  1.1953E+00  1.1953E+00  1.1953E+00  1.1953E+00  1.1953E+00  1.1953E+00  1.1953E+00  1.1953E+00  1.1953E+00  1.1953E+00  1.1953E+00  1.1953E+00  1.1953E+00  1.1953E+00  1.1953E+00  1.1953E+00  1.1953E+00  1.1953E+00  1.1953E+00  1.1953E+00  1.1953E+00   3
6438788   2  4.7573E-01  4.7573E-01  4.7573E-01  4.7573E-01  4.7573E-01  4.7573E-01  4.7573E-01  4.7573E-01  4.7573E-01  4.7573E-01  4.7573E-01  4.7573E-01  4.7573E-01  4.7573E-01  4.7573E-01  4.7573E-01  4.7573E-01  4.7573E-01  4.7573E-01  4.7573E-01  4.7573E-01  4.7573E-01  4.7573E-01  4.7573E-01   3
6438791   2  8.5211E-01  8.5211E-01  8.5211E-01  8.5211E-01  8.5211E-01  8.5211E-01  8.5211E-01  8.5211E-01  8.5211E-01  8.5211E-01  8.5211E-01  8.5211E-01  8.5211E-01  8.5211E-01  8.5211E-01  8.5211E-01  8.5211E-01  8.5211E-01  8.5211E-01  8.5211E-01  8.5211E-01  8.5211E-01  8.5211E-01  8.5211E-01   3
6435620   2  3.7638E-01  3.7638E-01  3.7638E-01  3.7638E-01  3.7638E-01  3.7638E-01  3.7638E-01  3.7638E-01  3.7638E-01  3.7638E-01  3.7638E-01  3.7638E-01  3.7638E-01  3.7638E-01  3.7638E-01  3.7638E-01  3.7638E-01  3.7638E-01  3.7638E-01  3.7638E-01  3.7638E-01  3.7638E-01  3.7638E-01  3.7638E-01   3
6448329   2  4.7573E-01  4.7573E-01  4.7573E-01  4.7573E-01  4.7573E-01  4.7573E-01  4.7573E-01  4.7573E-01  4.7573E-01  4.7573E-01  4.7573E-01  4.7573E-01  4.7573E-01  4.7573E-01  4.7573E-01  4.7573E-01  4.7573E-01  4.7573E-01  4.7573E-01  4.7573E-01  4.7573E-01  4.7573E-01  4.7573E-01  4.7573E-01   3
