PEC Emissions
         167 2016-05-12_00:00:00, THR
6441990   1  1.0262E+00  1.0262E+00  1.0262E+00  1.0262E+00  1.0262E+00  1.0262E+00  1.0262E+00  1.0262E+00  1.0262E+00  1.0262E+00  1.0262E+00  1.0262E+00  1.0262E+00  1.0262E+00  1.0262E+00  1.0262E+00  1.0262E+00  1.0262E+00  1.0262E+00  1.0262E+00  1.0262E+00  1.0262E+00  1.0262E+00  1.0262E+00   2
6426087   1  9.0684E+01  9.0684E+01  9.0684E+01  9.0684E+01  9.0684E+01  9.0684E+01  9.0684E+01  9.0684E+01  9.0684E+01  9.0684E+01  9.0684E+01  9.0684E+01  9.0684E+01  9.0684E+01  9.0684E+01  9.0684E+01  9.0684E+01  9.0684E+01  9.0684E+01  9.0684E+01  9.0684E+01  9.0684E+01  9.0684E+01  9.0684E+01   2
6422914   1  7.5341E-01  7.5341E-01  7.5341E-01  7.5341E-01  7.5341E-01  7.5341E-01  7.5341E-01  7.5341E-01  7.5341E-01  7.5341E-01  7.5341E-01  7.5341E-01  7.5341E-01  7.5341E-01  7.5341E-01  7.5341E-01  7.5341E-01  7.5341E-01  7.5341E-01  7.5341E-01  7.5341E-01  7.5341E-01  7.5341E-01  7.5341E-01   2
6429274   1  3.0450E+00  3.0450E+00  3.0450E+00  3.0450E+00  3.0450E+00  3.0450E+00  3.0450E+00  3.0450E+00  3.0450E+00  3.0450E+00  3.0450E+00  3.0450E+00  3.0450E+00  3.0450E+00  3.0450E+00  3.0450E+00  3.0450E+00  3.0450E+00  3.0450E+00  3.0450E+00  3.0450E+00  3.0450E+00  3.0450E+00  3.0450E+00   2
6391125   1  2.5379E-03  2.5379E-03  2.5379E-03  2.5379E-03  2.5379E-03  2.5379E-03  2.5379E-03  2.5379E-03  2.5379E-03  2.5379E-03  2.5379E-03  2.5379E-03  2.5379E-03  2.5379E-03  2.5379E-03  2.5379E-03  2.5379E-03  2.5379E-03  2.5379E-03  2.5379E-03  2.5379E-03  2.5379E-03  2.5379E-03  2.5379E-03   2
6448343   1  1.4734E+00  1.4734E+00  1.4734E+00  1.4734E+00  1.4734E+00  1.4734E+00  1.4734E+00  1.4734E+00  1.4734E+00  1.4734E+00  1.4734E+00  1.4734E+00  1.4734E+00  1.4734E+00  1.4734E+00  1.4734E+00  1.4734E+00  1.4734E+00  1.4734E+00  1.4734E+00  1.4734E+00  1.4734E+00  1.4734E+00  1.4734E+00   2
6416565   1  2.4414E+00  2.4414E+00  2.4414E+00  2.4414E+00  2.4414E+00  2.4414E+00  2.4414E+00  2.4414E+00  2.4414E+00  2.4414E+00  2.4414E+00  2.4414E+00  2.4414E+00  2.4414E+00  2.4414E+00  2.4414E+00  2.4414E+00  2.4414E+00  2.4414E+00  2.4414E+00  2.4414E+00  2.4414E+00  2.4414E+00  2.4414E+00   2
6413390   3  2.1245E+01  2.1245E+01  2.1245E+01  2.1245E+01  2.1245E+01  2.1245E+01  2.1245E+01  2.1245E+01  2.1245E+01  2.1245E+01  2.1245E+01  2.1245E+01  2.1245E+01  2.1245E+01  2.1245E+01  2.1245E+01  2.1245E+01  2.1245E+01  2.1245E+01  2.1245E+01  2.1245E+01  2.1245E+01  2.1245E+01  2.1245E+01   4
6445167   7  4.6711E+01  4.6711E+01  4.6711E+01  4.6711E+01  4.6711E+01  4.6711E+01  4.6711E+01  4.6711E+01  4.6711E+01  4.6711E+01  4.6711E+01  4.6711E+01  4.6711E+01  4.6711E+01  4.6711E+01  4.6711E+01  4.6711E+01  4.6711E+01  4.6711E+01  4.6711E+01  4.6711E+01  4.6711E+01  4.6711E+01  4.6711E+01   8
6441989   3  7.2603E+01  6.9575E+01  5.8107E+01  4.4701E+01  3.5135E+01  2.9804E+01  2.7071E+01  2.5427E+01  2.4882E+01  2.5565E+01  2.8710E+01  3.4178E+01  4.2520E+01  5.3059E+01  6.3841E+01  7.2199E+01  7.8055E+01  8.2577E+01  8.4758E+01  8.6252E+01  8.6817E+01  8.5323E+01  8.1204E+01  7.4905E+01   4
6429268   1  2.1850E-01  2.1850E-01  2.1850E-01  2.1850E-01  2.1850E-01  2.1850E-01  2.1850E-01  2.1850E-01  2.1850E-01  2.1850E-01  2.1850E-01  2.1850E-01  2.1850E-01  2.1850E-01  2.1850E-01  2.1850E-01  2.1850E-01  2.1850E-01  2.1850E-01  2.1850E-01  2.1850E-01  2.1850E-01  2.1850E-01  2.1850E-01   2
6429278   2  6.7615E+00  6.7615E+00  6.7615E+00  6.7615E+00  6.7615E+00  6.7615E+00  6.7615E+00  6.7615E+00  6.7615E+00  6.7615E+00  6.7615E+00  6.7615E+00  6.7615E+00  6.7615E+00  6.7615E+00  6.7615E+00  6.7615E+00  6.7615E+00  6.7615E+00  6.7615E+00  6.7615E+00  6.7615E+00  6.7615E+00  6.7615E+00   3
6426100   3  4.2685E-01  4.2685E-01  4.2685E-01  4.2685E-01  4.2685E-01  4.2685E-01  4.2685E-01  4.2685E-01  4.2685E-01  4.2685E-01  4.2685E-01  4.2685E-01  4.2685E-01  4.2685E-01  4.2685E-01  4.2685E-01  4.2685E-01  4.2685E-01  4.2685E-01  4.2685E-01  4.2685E-01  4.2685E-01  4.2685E-01  4.2685E-01   4
6419743   2  5.9323E+01  5.9323E+01  5.9323E+01  5.9323E+01  5.9323E+01  5.9323E+01  5.9323E+01  5.9323E+01  5.9323E+01  5.9323E+01  5.9323E+01  5.9323E+01  5.9323E+01  5.9323E+01  5.9323E+01  5.9323E+01  5.9323E+01  5.9323E+01  5.9323E+01  5.9323E+01  5.9323E+01  5.9323E+01  5.9323E+01  5.9323E+01   3
6422921   3  8.7816E+00  8.7816E+00  8.7816E+00  8.7816E+00  8.7816E+00  8.7816E+00  8.7816E+00  8.7816E+00  8.7816E+00  8.7816E+00  8.7816E+00  8.7816E+00  8.7816E+00  8.7816E+00  8.7816E+00  8.7816E+00  8.7816E+00  8.7816E+00  8.7816E+00  8.7816E+00  8.7816E+00  8.7816E+00  8.7816E+00  8.7816E+00   4
6416559   3  4.0736E-01  4.0736E-01  4.0736E-01  4.0736E-01  4.0736E-01  4.0736E-01  4.0736E-01  4.0736E-01  4.0736E-01  4.0736E-01  4.0736E-01  4.0736E-01  4.0736E-01  4.0736E-01  4.0736E-01  4.0736E-01  4.0736E-01  4.0736E-01  4.0736E-01  4.0736E-01  4.0736E-01  4.0736E-01  4.0736E-01  4.0736E-01   4
6426088   2  2.1173E-01  2.1173E-01  2.1173E-01  2.1173E-01  2.1173E-01  2.1173E-01  2.1173E-01  2.1173E-01  2.1173E-01  2.1173E-01  2.1173E-01  2.1173E-01  2.1173E-01  2.1173E-01  2.1173E-01  2.1173E-01  2.1173E-01  2.1173E-01  2.1173E-01  2.1173E-01  2.1173E-01  2.1173E-01  2.1173E-01  2.1173E-01   3
6429265   2  2.1448E-03  2.1448E-03  2.1448E-03  2.1448E-03  2.1448E-03  2.1448E-03  2.1448E-03  2.1448E-03  2.1448E-03  2.1448E-03  2.1448E-03  2.1448E-03  2.1448E-03  2.1448E-03  2.1448E-03  2.1448E-03  2.1448E-03  2.1448E-03  2.1448E-03  2.1448E-03  2.1448E-03  2.1448E-03  2.1448E-03  2.1448E-03   3
6419737   2  6.9686E-02  6.9686E-02  6.9686E-02  6.9686E-02  6.9686E-02  6.9686E-02  6.9686E-02  6.9686E-02  6.9686E-02  6.9686E-02  6.9686E-02  6.9686E-02  6.9686E-02  6.9686E-02  6.9686E-02  6.9686E-02  6.9686E-02  6.9686E-02  6.9686E-02  6.9686E-02  6.9686E-02  6.9686E-02  6.9686E-02  6.9686E-02   3
6438804   1  1.1112E+00  1.1112E+00  1.1112E+00  1.1112E+00  1.1112E+00  1.1112E+00  1.1112E+00  1.1112E+00  1.1112E+00  1.1112E+00  1.1112E+00  1.1112E+00  1.1112E+00  1.1112E+00  1.1112E+00  1.1112E+00  1.1112E+00  1.1112E+00  1.1112E+00  1.1112E+00  1.1112E+00  1.1112E+00  1.1112E+00  1.1112E+00   2
6426090   1  5.8322E-01  5.8322E-01  5.8322E-01  5.8322E-01  5.8322E-01  5.8322E-01  5.8322E-01  5.8322E-01  5.8322E-01  5.8322E-01  5.8322E-01  5.8322E-01  5.8322E-01  5.8322E-01  5.8322E-01  5.8322E-01  5.8322E-01  5.8322E-01  5.8322E-01  5.8322E-01  5.8322E-01  5.8322E-01  5.8322E-01  5.8322E-01   2
6426096   2  2.2111E+00  2.2111E+00  2.2111E+00  2.2111E+00  2.2111E+00  2.2111E+00  2.2111E+00  2.2111E+00  2.2111E+00  2.2111E+00  2.2111E+00  2.2111E+00  2.2111E+00  2.2111E+00  2.2111E+00  2.2111E+00  2.2111E+00  2.2111E+00  2.2111E+00  2.2111E+00  2.2111E+00  2.2111E+00  2.2111E+00  2.2111E+00   3
6426089   1  1.3959E+02  1.3959E+02  1.3959E+02  1.3959E+02  1.3959E+02  1.3959E+02  1.3959E+02  1.3959E+02  1.3959E+02  1.3959E+02  1.3959E+02  1.3959E+02  1.3959E+02  1.3959E+02  1.3959E+02  1.3959E+02  1.3959E+02  1.3959E+02  1.3959E+02  1.3959E+02  1.3959E+02  1.3959E+02  1.3959E+02  1.3959E+02   2
6419741   2  1.2966E+00  1.2966E+00  1.2966E+00  1.2966E+00  1.2966E+00  1.2966E+00  1.2966E+00  1.2966E+00  1.2966E+00  1.2966E+00  1.2966E+00  1.2966E+00  1.2966E+00  1.2966E+00  1.2966E+00  1.2966E+00  1.2966E+00  1.2966E+00  1.2966E+00  1.2966E+00  1.2966E+00  1.2966E+00  1.2966E+00  1.2966E+00   3
6422920   2  5.9132E+00  5.9132E+00  5.9132E+00  5.9132E+00  5.9132E+00  5.9132E+00  5.9132E+00  5.9132E+00  5.9132E+00  5.9132E+00  5.9132E+00  5.9132E+00  5.9132E+00  5.9132E+00  5.9132E+00  5.9132E+00  5.9132E+00  5.9132E+00  5.9132E+00  5.9132E+00  5.9132E+00  5.9132E+00  5.9132E+00  5.9132E+00   3
6445168   3  9.6203E-01  9.6203E-01  9.6203E-01  9.6203E-01  9.6203E-01  9.6203E-01  9.6203E-01  9.6203E-01  9.6203E-01  9.6203E-01  9.6203E-01  9.6203E-01  9.6203E-01  9.6203E-01  9.6203E-01  9.6203E-01  9.6203E-01  9.6203E-01  9.6203E-01  9.6203E-01  9.6203E-01  9.6203E-01  9.6203E-01  9.6203E-01   4
6441985   2  4.8456E-01  4.8456E-01  4.8456E-01  4.8456E-01  4.8456E-01  4.8456E-01  4.8456E-01  4.8456E-01  4.8456E-01  4.8456E-01  4.8456E-01  4.8456E-01  4.8456E-01  4.8456E-01  4.8456E-01  4.8456E-01  4.8456E-01  4.8456E-01  4.8456E-01  4.8456E-01  4.8456E-01  4.8456E-01  4.8456E-01  4.8456E-01   3
6426098   2  2.1305E+00  2.1305E+00  2.1305E+00  2.1305E+00  2.1305E+00  2.1305E+00  2.1305E+00  2.1305E+00  2.1305E+00  2.1305E+00  2.1305E+00  2.1305E+00  2.1305E+00  2.1305E+00  2.1305E+00  2.1305E+00  2.1305E+00  2.1305E+00  2.1305E+00  2.1305E+00  2.1305E+00  2.1305E+00  2.1305E+00  2.1305E+00   3
6435629   4  7.1480E-03  7.1480E-03  7.1480E-03  7.1480E-03  7.1480E-03  7.1480E-03  7.1480E-03  7.1480E-03  7.1480E-03  7.1480E-03  7.1480E-03  7.1480E-03  7.1480E-03  7.1480E-03  7.1480E-03  7.1480E-03  7.1480E-03  7.1480E-03  7.1480E-03  7.1480E-03  7.1480E-03  7.1480E-03  7.1480E-03  7.1480E-03   5
6419742   2  6.3776E+00  6.3776E+00  6.3776E+00  6.3776E+00  6.3776E+00  6.3776E+00  6.3776E+00  6.3776E+00  6.3776E+00  6.3776E+00  6.3776E+00  6.3776E+00  6.3776E+00  6.3776E+00  6.3776E+00  6.3776E+00  6.3776E+00  6.3776E+00  6.3776E+00  6.3776E+00  6.3776E+00  6.3776E+00  6.3776E+00  6.3776E+00   3
6422918   2  3.0097E-01  3.0097E-01  3.0097E-01  3.0097E-01  3.0097E-01  3.0097E-01  3.0097E-01  3.0097E-01  3.0097E-01  3.0097E-01  3.0097E-01  3.0097E-01  3.0097E-01  3.0097E-01  3.0097E-01  3.0097E-01  3.0097E-01  3.0097E-01  3.0097E-01  3.0097E-01  3.0097E-01  3.0097E-01  3.0097E-01  3.0097E-01   3
6432451   3  1.1455E+01  1.1455E+01  1.1455E+01  1.1455E+01  1.1455E+01  1.1455E+01  1.1455E+01  1.1455E+01  1.1455E+01  1.1455E+01  1.1455E+01  1.1455E+01  1.1455E+01  1.1455E+01  1.1455E+01  1.1455E+01  1.1455E+01  1.1455E+01  1.1455E+01  1.1455E+01  1.1455E+01  1.1455E+01  1.1455E+01  1.1455E+01   4
6416576   5  3.5685E-02  3.5685E-02  3.5685E-02  3.5685E-02  3.5685E-02  3.5685E-02  3.5685E-02  3.5685E-02  3.5685E-02  3.5685E-02  3.5685E-02  3.5685E-02  3.5685E-02  3.5685E-02  3.5685E-02  3.5685E-02  3.5685E-02  3.5685E-02  3.5685E-02  3.5685E-02  3.5685E-02  3.5685E-02  3.5685E-02  3.5685E-02   6
6435627   5  7.6494E+00  7.6494E+00  7.6494E+00  7.6494E+00  7.6494E+00  7.6494E+00  7.6494E+00  7.6494E+00  7.6494E+00  7.6494E+00  7.6494E+00  7.6494E+00  7.6494E+00  7.6494E+00  7.6494E+00  7.6494E+00  7.6494E+00  7.6494E+00  7.6494E+00  7.6494E+00  7.6494E+00  7.6494E+00  7.6494E+00  7.6494E+00   6
6435617   2  8.8488E+00  8.8488E+00  8.8488E+00  8.8488E+00  8.8488E+00  8.8488E+00  8.8488E+00  8.8488E+00  8.8488E+00  8.8488E+00  8.8488E+00  8.8488E+00  8.8488E+00  8.8488E+00  8.8488E+00  8.8488E+00  8.8488E+00  8.8488E+00  8.8488E+00  8.8488E+00  8.8488E+00  8.8488E+00  8.8488E+00  8.8488E+00   3
6429288   4  7.2614E-01  7.2614E-01  7.2614E-01  7.2614E-01  7.2614E-01  7.2614E-01  7.2614E-01  7.2614E-01  7.2614E-01  7.2614E-01  7.2614E-01  7.2614E-01  7.2614E-01  7.2614E-01  7.2614E-01  7.2614E-01  7.2614E-01  7.2614E-01  7.2614E-01  7.2614E-01  7.2614E-01  7.2614E-01  7.2614E-01  7.2614E-01   5
6445154   3  8.4435E-01  8.4435E-01  8.4435E-01  8.4435E-01  8.4435E-01  8.4435E-01  8.4435E-01  8.4435E-01  8.4435E-01  8.4435E-01  8.4435E-01  8.4435E-01  8.4435E-01  8.4435E-01  8.4435E-01  8.4435E-01  8.4435E-01  8.4435E-01  8.4435E-01  8.4435E-01  8.4435E-01  8.4435E-01  8.4435E-01  8.4435E-01   4
6400661   5  4.4066E-01  4.4066E-01  4.4066E-01  4.4066E-01  4.4066E-01  4.4066E-01  4.4066E-01  4.4066E-01  4.4066E-01  4.4066E-01  4.4066E-01  4.4066E-01  4.4066E-01  4.4066E-01  4.4066E-01  4.4066E-01  4.4066E-01  4.4066E-01  4.4066E-01  4.4066E-01  4.4066E-01  4.4066E-01  4.4066E-01  4.4066E-01   6
6441978   3  5.1039E-03  5.1039E-03  5.1039E-03  5.1039E-03  5.1039E-03  5.1039E-03  5.1039E-03  5.1039E-03  5.1039E-03  5.1039E-03  5.1039E-03  5.1039E-03  5.1039E-03  5.1039E-03  5.1039E-03  5.1039E-03  5.1039E-03  5.1039E-03  5.1039E-03  5.1039E-03  5.1039E-03  5.1039E-03  5.1039E-03  5.1039E-03   4
6422919   2  4.5816E+00  4.5816E+00  4.5816E+00  4.5816E+00  4.5816E+00  4.5816E+00  4.5816E+00  4.5816E+00  4.5816E+00  4.5816E+00  4.5816E+00  4.5816E+00  4.5816E+00  4.5816E+00  4.5816E+00  4.5816E+00  4.5816E+00  4.5816E+00  4.5816E+00  4.5816E+00  4.5816E+00  4.5816E+00  4.5816E+00  4.5816E+00   3
6448344   2  1.0195E+01  1.0195E+01  1.0195E+01  1.0195E+01  1.0195E+01  1.0195E+01  1.0195E+01  1.0195E+01  1.0195E+01  1.0195E+01  1.0195E+01  1.0195E+01  1.0195E+01  1.0195E+01  1.0195E+01  1.0195E+01  1.0195E+01  1.0195E+01  1.0195E+01  1.0195E+01  1.0195E+01  1.0195E+01  1.0195E+01  1.0195E+01   3
6435628   3  8.0008E-01  8.0008E-01  8.0008E-01  8.0008E-01  8.0008E-01  8.0008E-01  8.0008E-01  8.0008E-01  8.0008E-01  8.0008E-01  8.0008E-01  8.0008E-01  8.0008E-01  8.0008E-01  8.0008E-01  8.0008E-01  8.0008E-01  8.0008E-01  8.0008E-01  8.0008E-01  8.0008E-01  8.0008E-01  8.0008E-01  8.0008E-01   4
6413381   3  1.2294E-01  1.2294E-01  1.2294E-01  1.2294E-01  1.2294E-01  1.2294E-01  1.2294E-01  1.2294E-01  1.2294E-01  1.2294E-01  1.2294E-01  1.2294E-01  1.2294E-01  1.2294E-01  1.2294E-01  1.2294E-01  1.2294E-01  1.2294E-01  1.2294E-01  1.2294E-01  1.2294E-01  1.2294E-01  1.2294E-01  1.2294E-01   4
6438808   2  1.9797E+00  1.9797E+00  1.9797E+00  1.9797E+00  1.9797E+00  1.9797E+00  1.9797E+00  1.9797E+00  1.9797E+00  1.9797E+00  1.9797E+00  1.9797E+00  1.9797E+00  1.9797E+00  1.9797E+00  1.9797E+00  1.9797E+00  1.9797E+00  1.9797E+00  1.9797E+00  1.9797E+00  1.9797E+00  1.9797E+00  1.9797E+00   3
6435622   2  4.0022E-03  4.0022E-03  4.0022E-03  4.0022E-03  4.0022E-03  4.0022E-03  4.0022E-03  4.0022E-03  4.0022E-03  4.0022E-03  4.0022E-03  4.0022E-03  4.0022E-03  4.0022E-03  4.0022E-03  4.0022E-03  4.0022E-03  4.0022E-03  4.0022E-03  4.0022E-03  4.0022E-03  4.0022E-03  4.0022E-03  4.0022E-03   3
6438813   2  9.4337E-02  9.4337E-02  9.4337E-02  9.4337E-02  9.4337E-02  9.4337E-02  9.4337E-02  9.4337E-02  9.4337E-02  9.4337E-02  9.4337E-02  9.4337E-02  9.4337E-02  9.4337E-02  9.4337E-02  9.4337E-02  9.4337E-02  9.4337E-02  9.4337E-02  9.4337E-02  9.4337E-02  9.4337E-02  9.4337E-02  9.4337E-02   3
6438803   2  1.2007E-01  1.2007E-01  1.2007E-01  1.2007E-01  1.2007E-01  1.2007E-01  1.2007E-01  1.2007E-01  1.2007E-01  1.2007E-01  1.2007E-01  1.2007E-01  1.2007E-01  1.2007E-01  1.2007E-01  1.2007E-01  1.2007E-01  1.2007E-01  1.2007E-01  1.2007E-01  1.2007E-01  1.2007E-01  1.2007E-01  1.2007E-01   3
6422940   3  2.0167E+02  2.0167E+02  2.0167E+02  2.0167E+02  2.0167E+02  2.0167E+02  2.0167E+02  2.0167E+02  2.0167E+02  2.0167E+02  2.0167E+02  2.0167E+02  2.0167E+02  2.0167E+02  2.0167E+02  2.0167E+02  2.0167E+02  2.0167E+02  2.0167E+02  2.0167E+02  2.0167E+02  2.0167E+02  2.0167E+02  2.0167E+02   4
6432439   5  9.0878E-01  9.0878E-01  9.0878E-01  9.0878E-01  9.0878E-01  9.0878E-01  9.0878E-01  9.0878E-01  9.0878E-01  9.0878E-01  9.0878E-01  9.0878E-01  9.0878E-01  9.0878E-01  9.0878E-01  9.0878E-01  9.0878E-01  9.0878E-01  9.0878E-01  9.0878E-01  9.0878E-01  9.0878E-01  9.0878E-01  9.0878E-01   6
6441986   2  1.4710E-01  1.4710E-01  1.4710E-01  1.4710E-01  1.4710E-01  1.4710E-01  1.4710E-01  1.4710E-01  1.4710E-01  1.4710E-01  1.4710E-01  1.4710E-01  1.4710E-01  1.4710E-01  1.4710E-01  1.4710E-01  1.4710E-01  1.4710E-01  1.4710E-01  1.4710E-01  1.4710E-01  1.4710E-01  1.4710E-01  1.4710E-01   3
6441980   3  1.9012E-01  1.9012E-01  1.9012E-01  1.9012E-01  1.9012E-01  1.9012E-01  1.9012E-01  1.9012E-01  1.9012E-01  1.9012E-01  1.9012E-01  1.9012E-01  1.9012E-01  1.9012E-01  1.9012E-01  1.9012E-01  1.9012E-01  1.9012E-01  1.9012E-01  1.9012E-01  1.9012E-01  1.9012E-01  1.9012E-01  1.9012E-01   4
6429279   4  4.8108E-01  4.8108E-01  4.8108E-01  4.8108E-01  4.8108E-01  4.8108E-01  4.8108E-01  4.8108E-01  4.8108E-01  4.8108E-01  4.8108E-01  4.8108E-01  4.8108E-01  4.8108E-01  4.8108E-01  4.8108E-01  4.8108E-01  4.8108E-01  4.8108E-01  4.8108E-01  4.8108E-01  4.8108E-01  4.8108E-01  4.8108E-01   5
6432454   2  4.8396E+00  4.8396E+00  4.8396E+00  4.8396E+00  4.8396E+00  4.8396E+00  4.8396E+00  4.8396E+00  4.8396E+00  4.8396E+00  4.8396E+00  4.8396E+00  4.8396E+00  4.8396E+00  4.8396E+00  4.8396E+00  4.8396E+00  4.8396E+00  4.8396E+00  4.8396E+00  4.8396E+00  4.8396E+00  4.8396E+00  4.8396E+00   3
6448335   2  6.9527E-01  6.9527E-01  6.9527E-01  6.9527E-01  6.9527E-01  6.9527E-01  6.9527E-01  6.9527E-01  6.9527E-01  6.9527E-01  6.9527E-01  6.9527E-01  6.9527E-01  6.9527E-01  6.9527E-01  6.9527E-01  6.9527E-01  6.9527E-01  6.9527E-01  6.9527E-01  6.9527E-01  6.9527E-01  6.9527E-01  6.9527E-01   3
6445158   2  5.3143E-01  5.3143E-01  5.3143E-01  5.3143E-01  5.3143E-01  5.3143E-01  5.3143E-01  5.3143E-01  5.3143E-01  5.3143E-01  5.3143E-01  5.3143E-01  5.3143E-01  5.3143E-01  5.3143E-01  5.3143E-01  5.3143E-01  5.3143E-01  5.3143E-01  5.3143E-01  5.3143E-01  5.3143E-01  5.3143E-01  5.3143E-01   3
6387947   2  5.9621E-01  5.9621E-01  5.9621E-01  5.9621E-01  5.9621E-01  5.9621E-01  5.9621E-01  5.9621E-01  5.9621E-01  5.9621E-01  5.9621E-01  5.9621E-01  5.9621E-01  5.9621E-01  5.9621E-01  5.9621E-01  5.9621E-01  5.9621E-01  5.9621E-01  5.9621E-01  5.9621E-01  5.9621E-01  5.9621E-01  5.9621E-01   3
6426099   5  2.8616E-01  2.8616E-01  2.8616E-01  2.8616E-01  2.8616E-01  2.8616E-01  2.8616E-01  2.8616E-01  2.8616E-01  2.8616E-01  2.8616E-01  2.8616E-01  2.8616E-01  2.8616E-01  2.8616E-01  2.8616E-01  2.8616E-01  2.8616E-01  2.8616E-01  2.8616E-01  2.8616E-01  2.8616E-01  2.8616E-01  2.8616E-01   6
6410213   3  5.9321E-01  5.9321E-01  5.9321E-01  5.9321E-01  5.9321E-01  5.9321E-01  5.9321E-01  5.9321E-01  5.9321E-01  5.9321E-01  5.9321E-01  5.9321E-01  5.9321E-01  5.9321E-01  5.9321E-01  5.9321E-01  5.9321E-01  5.9321E-01  5.9321E-01  5.9321E-01  5.9321E-01  5.9321E-01  5.9321E-01  5.9321E-01   4
6422927   2  1.8593E+00  1.8593E+00  1.8593E+00  1.8593E+00  1.8593E+00  1.8593E+00  1.8593E+00  1.8593E+00  1.8593E+00  1.8593E+00  1.8593E+00  1.8593E+00  1.8593E+00  1.8593E+00  1.8593E+00  1.8593E+00  1.8593E+00  1.8593E+00  1.8593E+00  1.8593E+00  1.8593E+00  1.8593E+00  1.8593E+00  1.8593E+00   3
6438815   2  2.9683E-02  2.9683E-02  2.9683E-02  2.9683E-02  2.9683E-02  2.9683E-02  2.9683E-02  2.9683E-02  2.9683E-02  2.9683E-02  2.9683E-02  2.9683E-02  2.9683E-02  2.9683E-02  2.9683E-02  2.9683E-02  2.9683E-02  2.9683E-02  2.9683E-02  2.9683E-02  2.9683E-02  2.9683E-02  2.9683E-02  2.9683E-02   3
6432456   3  4.0315E-01  4.0315E-01  4.0315E-01  4.0315E-01  4.0315E-01  4.0315E-01  4.0315E-01  4.0315E-01  4.0315E-01  4.0315E-01  4.0315E-01  4.0315E-01  4.0315E-01  4.0315E-01  4.0315E-01  4.0315E-01  4.0315E-01  4.0315E-01  4.0315E-01  4.0315E-01  4.0315E-01  4.0315E-01  4.0315E-01  4.0315E-01   4
6435625   3  4.8953E-02  4.8953E-02  4.8953E-02  4.8953E-02  4.8953E-02  4.8953E-02  4.8953E-02  4.8953E-02  4.8953E-02  4.8953E-02  4.8953E-02  4.8953E-02  4.8953E-02  4.8953E-02  4.8953E-02  4.8953E-02  4.8953E-02  4.8953E-02  4.8953E-02  4.8953E-02  4.8953E-02  4.8953E-02  4.8953E-02  4.8953E-02   4
6442004   1  5.0032E-01  5.0032E-01  5.0032E-01  5.0032E-01  5.0032E-01  5.0032E-01  5.0032E-01  5.0032E-01  5.0032E-01  5.0032E-01  5.0032E-01  5.0032E-01  5.0032E-01  5.0032E-01  5.0032E-01  5.0032E-01  5.0032E-01  5.0032E-01  5.0032E-01  5.0032E-01  5.0032E-01  5.0032E-01  5.0032E-01  5.0032E-01   2
6426092   2  1.5886E+00  1.5886E+00  1.5886E+00  1.5886E+00  1.5886E+00  1.5886E+00  1.5886E+00  1.5886E+00  1.5886E+00  1.5886E+00  1.5886E+00  1.5886E+00  1.5886E+00  1.5886E+00  1.5886E+00  1.5886E+00  1.5886E+00  1.5886E+00  1.5886E+00  1.5886E+00  1.5886E+00  1.5886E+00  1.5886E+00  1.5886E+00   3
6413386   1  1.4953E-01  1.4953E-01  1.4953E-01  1.4953E-01  1.4953E-01  1.4953E-01  1.4953E-01  1.4953E-01  1.4953E-01  1.4953E-01  1.4953E-01  1.4953E-01  1.4953E-01  1.4953E-01  1.4953E-01  1.4953E-01  1.4953E-01  1.4953E-01  1.4953E-01  1.4953E-01  1.4953E-01  1.4953E-01  1.4953E-01  1.4953E-01   2
6416564   2  6.5810E-01  6.5810E-01  6.5810E-01  6.5810E-01  6.5810E-01  6.5810E-01  6.5810E-01  6.5810E-01  6.5810E-01  6.5810E-01  6.5810E-01  6.5810E-01  6.5810E-01  6.5810E-01  6.5810E-01  6.5810E-01  6.5810E-01  6.5810E-01  6.5810E-01  6.5810E-01  6.5810E-01  6.5810E-01  6.5810E-01  6.5810E-01   3
6413391   7  1.6439E-02  1.6439E-02  1.6439E-02  1.6439E-02  1.6439E-02  1.6439E-02  1.6439E-02  1.6439E-02  1.6439E-02  1.6439E-02  1.6439E-02  1.6439E-02  1.6439E-02  1.6439E-02  1.6439E-02  1.6439E-02  1.6439E-02  1.6439E-02  1.6439E-02  1.6439E-02  1.6439E-02  1.6439E-02  1.6439E-02  1.6439E-02   8
6441979   7  4.0736E-02  4.0736E-02  4.0736E-02  4.0736E-02  4.0736E-02  4.0736E-02  4.0736E-02  4.0736E-02  4.0736E-02  4.0736E-02  4.0736E-02  4.0736E-02  4.0736E-02  4.0736E-02  4.0736E-02  4.0736E-02  4.0736E-02  4.0736E-02  4.0736E-02  4.0736E-02  4.0736E-02  4.0736E-02  4.0736E-02  4.0736E-02   8
6416558   7  2.1289E+01  2.1289E+01  2.1289E+01  2.1289E+01  2.1289E+01  2.1289E+01  2.1289E+01  2.1289E+01  2.1289E+01  2.1289E+01  2.1289E+01  2.1289E+01  2.1289E+01  2.1289E+01  2.1289E+01  2.1289E+01  2.1289E+01  2.1289E+01  2.1289E+01  2.1289E+01  2.1289E+01  2.1289E+01  2.1289E+01  2.1289E+01   8
6410210   5  1.2171E-01  1.2171E-01  1.2171E-01  1.2171E-01  1.2171E-01  1.2171E-01  1.2171E-01  1.2171E-01  1.2171E-01  1.2171E-01  1.2171E-01  1.2171E-01  1.2171E-01  1.2171E-01  1.2171E-01  1.2171E-01  1.2171E-01  1.2171E-01  1.2171E-01  1.2171E-01  1.2171E-01  1.2171E-01  1.2171E-01  1.2171E-01   6
6426093   7  2.6096E-01  2.6096E-01  2.6096E-01  2.6096E-01  2.6096E-01  2.6096E-01  2.6096E-01  2.6096E-01  2.6096E-01  2.6096E-01  2.6096E-01  2.6096E-01  2.6096E-01  2.6096E-01  2.6096E-01  2.6096E-01  2.6096E-01  2.6096E-01  2.6096E-01  2.6096E-01  2.6096E-01  2.6096E-01  2.6096E-01  2.6096E-01   8
6435634   7  3.8595E-02  3.8595E-02  3.8595E-02  3.8595E-02  3.8595E-02  3.8595E-02  3.8595E-02  3.8595E-02  3.8595E-02  3.8595E-02  3.8595E-02  3.8595E-02  3.8595E-02  3.8595E-02  3.8595E-02  3.8595E-02  3.8595E-02  3.8595E-02  3.8595E-02  3.8595E-02  3.8595E-02  3.8595E-02  3.8595E-02  3.8595E-02   8
6419755   7  6.6319E-03  6.6319E-03  6.6319E-03  6.6319E-03  6.6319E-03  6.6319E-03  6.6319E-03  6.6319E-03  6.6319E-03  6.6319E-03  6.6319E-03  6.6319E-03  6.6319E-03  6.6319E-03  6.6319E-03  6.6319E-03  6.6319E-03  6.6319E-03  6.6319E-03  6.6319E-03  6.6319E-03  6.6319E-03  6.6319E-03  6.6319E-03   8
6426091   7  5.8706E-01  5.8706E-01  5.8706E-01  5.8706E-01  5.8706E-01  5.8706E-01  5.8706E-01  5.8706E-01  5.8706E-01  5.8706E-01  5.8706E-01  5.8706E-01  5.8706E-01  5.8706E-01  5.8706E-01  5.8706E-01  5.8706E-01  5.8706E-01  5.8706E-01  5.8706E-01  5.8706E-01  5.8706E-01  5.8706E-01  5.8706E-01   8
6407033   4  1.0707E+00  1.0707E+00  1.0707E+00  1.0707E+00  1.0707E+00  1.0707E+00  1.0707E+00  1.0707E+00  1.0707E+00  1.0707E+00  1.0707E+00  1.0707E+00  1.0707E+00  1.0707E+00  1.0707E+00  1.0707E+00  1.0707E+00  1.0707E+00  1.0707E+00  1.0707E+00  1.0707E+00  1.0707E+00  1.0707E+00  1.0707E+00   5
6448332   4  8.5027E+00  8.5027E+00  8.5027E+00  8.5027E+00  8.5027E+00  8.5027E+00  8.5027E+00  8.5027E+00  8.5027E+00  8.5027E+00  8.5027E+00  8.5027E+00  8.5027E+00  8.5027E+00  8.5027E+00  8.5027E+00  8.5027E+00  8.5027E+00  8.5027E+00  8.5027E+00  8.5027E+00  8.5027E+00  8.5027E+00  8.5027E+00   5
6397483   2  1.4437E-01  1.4437E-01  1.4437E-01  1.4437E-01  1.4437E-01  1.4437E-01  1.4437E-01  1.4437E-01  1.4437E-01  1.4437E-01  1.4437E-01  1.4437E-01  1.4437E-01  1.4437E-01  1.4437E-01  1.4437E-01  1.4437E-01  1.4437E-01  1.4437E-01  1.4437E-01  1.4437E-01  1.4437E-01  1.4437E-01  1.4437E-01   3
6448342   2  2.2875E-02  2.2875E-02  2.2875E-02  2.2875E-02  2.2875E-02  2.2875E-02  2.2875E-02  2.2875E-02  2.2875E-02  2.2875E-02  2.2875E-02  2.2875E-02  2.2875E-02  2.2875E-02  2.2875E-02  2.2875E-02  2.2875E-02  2.2875E-02  2.2875E-02  2.2875E-02  2.2875E-02  2.2875E-02  2.2875E-02  2.2875E-02   3
6416578   2  3.7058E+00  3.7058E+00  3.7058E+00  3.7058E+00  3.7058E+00  3.7058E+00  3.7058E+00  3.7058E+00  3.7058E+00  3.7058E+00  3.7058E+00  3.7058E+00  3.7058E+00  3.7058E+00  3.7058E+00  3.7058E+00  3.7058E+00  3.7058E+00  3.7058E+00  3.7058E+00  3.7058E+00  3.7058E+00  3.7058E+00  3.7058E+00   3
6381593   2  9.0308E-03  9.0308E-03  9.0308E-03  9.0308E-03  9.0308E-03  9.0308E-03  9.0308E-03  9.0308E-03  9.0308E-03  9.0308E-03  9.0308E-03  9.0308E-03  9.0308E-03  9.0308E-03  9.0308E-03  9.0308E-03  9.0308E-03  9.0308E-03  9.0308E-03  9.0308E-03  9.0308E-03  9.0308E-03  9.0308E-03  9.0308E-03   3
6426101   2  1.4867E-03  1.4867E-03  1.4867E-03  1.4867E-03  1.4867E-03  1.4867E-03  1.4867E-03  1.4867E-03  1.4867E-03  1.4867E-03  1.4867E-03  1.4867E-03  1.4867E-03  1.4867E-03  1.4867E-03  1.4867E-03  1.4867E-03  1.4867E-03  1.4867E-03  1.4867E-03  1.4867E-03  1.4867E-03  1.4867E-03  1.4867E-03   3
6438810   2  3.7167E-04  3.7167E-04  3.7167E-04  3.7167E-04  3.7167E-04  3.7167E-04  3.7167E-04  3.7167E-04  3.7167E-04  3.7167E-04  3.7167E-04  3.7167E-04  3.7167E-04  3.7167E-04  3.7167E-04  3.7167E-04  3.7167E-04  3.7167E-04  3.7167E-04  3.7167E-04  3.7167E-04  3.7167E-04  3.7167E-04  3.7167E-04   3
6407019   2  6.4325E-03  6.4325E-03  6.4325E-03  6.4325E-03  6.4325E-03  6.4325E-03  6.4325E-03  6.4325E-03  6.4325E-03  6.4325E-03  6.4325E-03  6.4325E-03  6.4325E-03  6.4325E-03  6.4325E-03  6.4325E-03  6.4325E-03  6.4325E-03  6.4325E-03  6.4325E-03  6.4325E-03  6.4325E-03  6.4325E-03  6.4325E-03   3
6448345   2  3.2072E-01  3.2072E-01  3.2072E-01  3.2072E-01  3.2072E-01  3.2072E-01  3.2072E-01  3.2072E-01  3.2072E-01  3.2072E-01  3.2072E-01  3.2072E-01  3.2072E-01  3.2072E-01  3.2072E-01  3.2072E-01  3.2072E-01  3.2072E-01  3.2072E-01  3.2072E-01  3.2072E-01  3.2072E-01  3.2072E-01  3.2072E-01   3
6448346   2  1.6890E+00  1.6890E+00  1.6890E+00  1.6890E+00  1.6890E+00  1.6890E+00  1.6890E+00  1.6890E+00  1.6890E+00  1.6890E+00  1.6890E+00  1.6890E+00  1.6890E+00  1.6890E+00  1.6890E+00  1.6890E+00  1.6890E+00  1.6890E+00  1.6890E+00  1.6890E+00  1.6890E+00  1.6890E+00  1.6890E+00  1.6890E+00   3
6429266   2  4.7177E-02  4.7177E-02  4.7177E-02  4.7177E-02  4.7177E-02  4.7177E-02  4.7177E-02  4.7177E-02  4.7177E-02  4.7177E-02  4.7177E-02  4.7177E-02  4.7177E-02  4.7177E-02  4.7177E-02  4.7177E-02  4.7177E-02  4.7177E-02  4.7177E-02  4.7177E-02  4.7177E-02  4.7177E-02  4.7177E-02  4.7177E-02   3
6407034   2  9.2755E-01  9.2755E-01  9.2755E-01  9.2755E-01  9.2755E-01  9.2755E-01  9.2755E-01  9.2755E-01  9.2755E-01  9.2755E-01  9.2755E-01  9.2755E-01  9.2755E-01  9.2755E-01  9.2755E-01  9.2755E-01  9.2755E-01  9.2755E-01  9.2755E-01  9.2755E-01  9.2755E-01  9.2755E-01  9.2755E-01  9.2755E-01   3
6438805   2  1.4109E+00  1.4109E+00  1.4109E+00  1.4109E+00  1.4109E+00  1.4109E+00  1.4109E+00  1.4109E+00  1.4109E+00  1.4109E+00  1.4109E+00  1.4109E+00  1.4109E+00  1.4109E+00  1.4109E+00  1.4109E+00  1.4109E+00  1.4109E+00  1.4109E+00  1.4109E+00  1.4109E+00  1.4109E+00  1.4109E+00  1.4109E+00   3
6426097   2  2.2311E+01  2.2311E+01  2.2311E+01  2.2311E+01  2.2311E+01  2.2311E+01  2.2311E+01  2.2311E+01  2.2311E+01  2.2311E+01  2.2311E+01  2.2311E+01  2.2311E+01  2.2311E+01  2.2311E+01  2.2311E+01  2.2311E+01  2.2311E+01  2.2311E+01  2.2311E+01  2.2311E+01  2.2311E+01  2.2311E+01  2.2311E+01   3
6413389   2  2.7853E+02  2.7853E+02  2.7853E+02  2.7853E+02  2.7853E+02  2.7853E+02  2.7853E+02  2.7853E+02  2.7853E+02  2.7853E+02  2.7853E+02  2.7853E+02  2.7853E+02  2.7853E+02  2.7853E+02  2.7853E+02  2.7853E+02  2.7853E+02  2.7853E+02  2.7853E+02  2.7853E+02  2.7853E+02  2.7853E+02  2.7853E+02   3
6429275   2  4.3210E-01  4.3210E-01  4.3210E-01  4.3210E-01  4.3210E-01  4.3210E-01  4.3210E-01  4.3210E-01  4.3210E-01  4.3210E-01  4.3210E-01  4.3210E-01  4.3210E-01  4.3210E-01  4.3210E-01  4.3210E-01  4.3210E-01  4.3210E-01  4.3210E-01  4.3210E-01  4.3210E-01  4.3210E-01  4.3210E-01  4.3210E-01   3
6416563   2  2.8585E-05  2.8585E-05  2.8585E-05  2.8585E-05  2.8585E-05  2.8585E-05  2.8585E-05  2.8585E-05  2.8585E-05  2.8585E-05  2.8585E-05  2.8585E-05  2.8585E-05  2.8585E-05  2.8585E-05  2.8585E-05  2.8585E-05  2.8585E-05  2.8585E-05  2.8585E-05  2.8585E-05  2.8585E-05  2.8585E-05  2.8585E-05   3
6448333   2  2.9452E+00  2.9452E+00  2.9452E+00  2.9452E+00  2.9452E+00  2.9452E+00  2.9452E+00  2.9452E+00  2.9452E+00  2.9452E+00  2.9452E+00  2.9452E+00  2.9452E+00  2.9452E+00  2.9452E+00  2.9452E+00  2.9452E+00  2.9452E+00  2.9452E+00  2.9452E+00  2.9452E+00  2.9452E+00  2.9452E+00  2.9452E+00   3
6432459   2  3.1439E-02  3.1439E-02  3.1439E-02  3.1439E-02  3.1439E-02  3.1439E-02  3.1439E-02  3.1439E-02  3.1439E-02  3.1439E-02  3.1439E-02  3.1439E-02  3.1439E-02  3.1439E-02  3.1439E-02  3.1439E-02  3.1439E-02  3.1439E-02  3.1439E-02  3.1439E-02  3.1439E-02  3.1439E-02  3.1439E-02  3.1439E-02   3
6435635   2  2.0833E+00  2.0833E+00  2.0833E+00  2.0833E+00  2.0833E+00  2.0833E+00  2.0833E+00  2.0833E+00  2.0833E+00  2.0833E+00  2.0833E+00  2.0833E+00  2.0833E+00  2.0833E+00  2.0833E+00  2.0833E+00  2.0833E+00  2.0833E+00  2.0833E+00  2.0833E+00  2.0833E+00  2.0833E+00  2.0833E+00  2.0833E+00   3
6426103   2  4.9337E+00  4.9337E+00  4.9337E+00  4.9337E+00  4.9337E+00  4.9337E+00  4.9337E+00  4.9337E+00  4.9337E+00  4.9337E+00  4.9337E+00  4.9337E+00  4.9337E+00  4.9337E+00  4.9337E+00  4.9337E+00  4.9337E+00  4.9337E+00  4.9337E+00  4.9337E+00  4.9337E+00  4.9337E+00  4.9337E+00  4.9337E+00   3
6441991   2  3.7167E-02  3.7167E-02  3.7167E-02  3.7167E-02  3.7167E-02  3.7167E-02  3.7167E-02  3.7167E-02  3.7167E-02  3.7167E-02  3.7167E-02  3.7167E-02  3.7167E-02  3.7167E-02  3.7167E-02  3.7167E-02  3.7167E-02  3.7167E-02  3.7167E-02  3.7167E-02  3.7167E-02  3.7167E-02  3.7167E-02  3.7167E-02   3
6410204   2  4.5549E-02  4.5549E-02  4.5549E-02  4.5549E-02  4.5549E-02  4.5549E-02  4.5549E-02  4.5549E-02  4.5549E-02  4.5549E-02  4.5549E-02  4.5549E-02  4.5549E-02  4.5549E-02  4.5549E-02  4.5549E-02  4.5549E-02  4.5549E-02  4.5549E-02  4.5549E-02  4.5549E-02  4.5549E-02  4.5549E-02  4.5549E-02   3
6410203   2  2.7267E-02  2.7267E-02  2.7267E-02  2.7267E-02  2.7267E-02  2.7267E-02  2.7267E-02  2.7267E-02  2.7267E-02  2.7267E-02  2.7267E-02  2.7267E-02  2.7267E-02  2.7267E-02  2.7267E-02  2.7267E-02  2.7267E-02  2.7267E-02  2.7267E-02  2.7267E-02  2.7267E-02  2.7267E-02  2.7267E-02  2.7267E-02   3
6441984   2  3.1421E-01  3.1421E-01  3.1421E-01  3.1421E-01  3.1421E-01  3.1421E-01  3.1421E-01  3.1421E-01  3.1421E-01  3.1421E-01  3.1421E-01  3.1421E-01  3.1421E-01  3.1421E-01  3.1421E-01  3.1421E-01  3.1421E-01  3.1421E-01  3.1421E-01  3.1421E-01  3.1421E-01  3.1421E-01  3.1421E-01  3.1421E-01   3
6448336   2  7.8031E-01  7.8031E-01  7.8031E-01  7.8031E-01  7.8031E-01  7.8031E-01  7.8031E-01  7.8031E-01  7.8031E-01  7.8031E-01  7.8031E-01  7.8031E-01  7.8031E-01  7.8031E-01  7.8031E-01  7.8031E-01  7.8031E-01  7.8031E-01  7.8031E-01  7.8031E-01  7.8031E-01  7.8031E-01  7.8031E-01  7.8031E-01   3
6410211   2  4.1029E-01  4.1029E-01  4.1029E-01  4.1029E-01  4.1029E-01  4.1029E-01  4.1029E-01  4.1029E-01  4.1029E-01  4.1029E-01  4.1029E-01  4.1029E-01  4.1029E-01  4.1029E-01  4.1029E-01  4.1029E-01  4.1029E-01  4.1029E-01  4.1029E-01  4.1029E-01  4.1029E-01  4.1029E-01  4.1029E-01  4.1029E-01   3
6438807   2  5.0307E-01  5.0307E-01  5.0307E-01  5.0307E-01  5.0307E-01  5.0307E-01  5.0307E-01  5.0307E-01  5.0307E-01  5.0307E-01  5.0307E-01  5.0307E-01  5.0307E-01  5.0307E-01  5.0307E-01  5.0307E-01  5.0307E-01  5.0307E-01  5.0307E-01  5.0307E-01  5.0307E-01  5.0307E-01  5.0307E-01  5.0307E-01   3
6438809   2  1.0449E+00  1.0449E+00  1.0449E+00  1.0449E+00  1.0449E+00  1.0449E+00  1.0449E+00  1.0449E+00  1.0449E+00  1.0449E+00  1.0449E+00  1.0449E+00  1.0449E+00  1.0449E+00  1.0449E+00  1.0449E+00  1.0449E+00  1.0449E+00  1.0449E+00  1.0449E+00  1.0449E+00  1.0449E+00  1.0449E+00  1.0449E+00   3
6387948   2  2.0734E+00  2.0734E+00  2.0734E+00  2.0734E+00  2.0734E+00  2.0734E+00  2.0734E+00  2.0734E+00  2.0734E+00  2.0734E+00  2.0734E+00  2.0734E+00  2.0734E+00  2.0734E+00  2.0734E+00  2.0734E+00  2.0734E+00  2.0734E+00  2.0734E+00  2.0734E+00  2.0734E+00  2.0734E+00  2.0734E+00  2.0734E+00   3
6432455   2  6.3629E-02  6.3629E-02  6.3629E-02  6.3629E-02  6.3629E-02  6.3629E-02  6.3629E-02  6.3629E-02  6.3629E-02  6.3629E-02  6.3629E-02  6.3629E-02  6.3629E-02  6.3629E-02  6.3629E-02  6.3629E-02  6.3629E-02  6.3629E-02  6.3629E-02  6.3629E-02  6.3629E-02  6.3629E-02  6.3629E-02  6.3629E-02   3
6419736   2  7.5670E-01  7.5670E-01  7.5670E-01  7.5670E-01  7.5670E-01  7.5670E-01  7.5670E-01  7.5670E-01  7.5670E-01  7.5670E-01  7.5670E-01  7.5670E-01  7.5670E-01  7.5670E-01  7.5670E-01  7.5670E-01  7.5670E-01  7.5670E-01  7.5670E-01  7.5670E-01  7.5670E-01  7.5670E-01  7.5670E-01  7.5670E-01   3
6410215   2  1.7539E-01  1.7539E-01  1.7539E-01  1.7539E-01  1.7539E-01  1.7539E-01  1.7539E-01  1.7539E-01  1.7539E-01  1.7539E-01  1.7539E-01  1.7539E-01  1.7539E-01  1.7539E-01  1.7539E-01  1.7539E-01  1.7539E-01  1.7539E-01  1.7539E-01  1.7539E-01  1.7539E-01  1.7539E-01  1.7539E-01  1.7539E-01   3
6441987   2  8.0172E-01  8.0172E-01  8.0172E-01  8.0172E-01  8.0172E-01  8.0172E-01  8.0172E-01  8.0172E-01  8.0172E-01  8.0172E-01  8.0172E-01  8.0172E-01  8.0172E-01  8.0172E-01  8.0172E-01  8.0172E-01  8.0172E-01  8.0172E-01  8.0172E-01  8.0172E-01  8.0172E-01  8.0172E-01  8.0172E-01  8.0172E-01   3
6394304   2  1.8575E-02  1.8575E-02  1.8575E-02  1.8575E-02  1.8575E-02  1.8575E-02  1.8575E-02  1.8575E-02  1.8575E-02  1.8575E-02  1.8575E-02  1.8575E-02  1.8575E-02  1.8575E-02  1.8575E-02  1.8575E-02  1.8575E-02  1.8575E-02  1.8575E-02  1.8575E-02  1.8575E-02  1.8575E-02  1.8575E-02  1.8575E-02   3
6429276   2  1.8410E+01  1.8410E+01  1.8410E+01  1.8410E+01  1.8410E+01  1.8410E+01  1.8410E+01  1.8410E+01  1.8410E+01  1.8410E+01  1.8410E+01  1.8410E+01  1.8410E+01  1.8410E+01  1.8410E+01  1.8410E+01  1.8410E+01  1.8410E+01  1.8410E+01  1.8410E+01  1.8410E+01  1.8410E+01  1.8410E+01  1.8410E+01   3
6432450   2  5.1460E-02  5.1460E-02  5.1460E-02  5.1460E-02  5.1460E-02  5.1460E-02  5.1460E-02  5.1460E-02  5.1460E-02  5.1460E-02  5.1460E-02  5.1460E-02  5.1460E-02  5.1460E-02  5.1460E-02  5.1460E-02  5.1460E-02  5.1460E-02  5.1460E-02  5.1460E-02  5.1460E-02  5.1460E-02  5.1460E-02  5.1460E-02   3
6362513   5  2.9414E-01  2.9414E-01  2.9414E-01  2.9414E-01  2.9414E-01  2.9414E-01  2.9414E-01  2.9414E-01  2.9414E-01  2.9414E-01  2.9414E-01  2.9414E-01  2.9414E-01  2.9414E-01  2.9414E-01  2.9414E-01  2.9414E-01  2.9414E-01  2.9414E-01  2.9414E-01  2.9414E-01  2.9414E-01  2.9414E-01  2.9414E-01   6
6362517   5  2.9414E-01  2.9414E-01  2.9414E-01  2.9414E-01  2.9414E-01  2.9414E-01  2.9414E-01  2.9414E-01  2.9414E-01  2.9414E-01  2.9414E-01  2.9414E-01  2.9414E-01  2.9414E-01  2.9414E-01  2.9414E-01  2.9414E-01  2.9414E-01  2.9414E-01  2.9414E-01  2.9414E-01  2.9414E-01  2.9414E-01  2.9414E-01   6
6362520   6  2.9414E-01  2.9414E-01  2.9414E-01  2.9414E-01  2.9414E-01  2.9414E-01  2.9414E-01  2.9414E-01  2.9414E-01  2.9414E-01  2.9414E-01  2.9414E-01  2.9414E-01  2.9414E-01  2.9414E-01  2.9414E-01  2.9414E-01  2.9414E-01  2.9414E-01  2.9414E-01  2.9414E-01  2.9414E-01  2.9414E-01  2.9414E-01   7
6359345   3  2.9414E-01  2.9414E-01  2.9414E-01  2.9414E-01  2.9414E-01  2.9414E-01  2.9414E-01  2.9414E-01  2.9414E-01  2.9414E-01  2.9414E-01  2.9414E-01  2.9414E-01  2.9414E-01  2.9414E-01  2.9414E-01  2.9414E-01  2.9414E-01  2.9414E-01  2.9414E-01  2.9414E-01  2.9414E-01  2.9414E-01  2.9414E-01   4
6359349   5  2.9414E-01  2.9414E-01  2.9414E-01  2.9414E-01  2.9414E-01  2.9414E-01  2.9414E-01  2.9414E-01  2.9414E-01  2.9414E-01  2.9414E-01  2.9414E-01  2.9414E-01  2.9414E-01  2.9414E-01  2.9414E-01  2.9414E-01  2.9414E-01  2.9414E-01  2.9414E-01  2.9414E-01  2.9414E-01  2.9414E-01  2.9414E-01   6
6359352   5  2.9414E-01  2.9414E-01  2.9414E-01  2.9414E-01  2.9414E-01  2.9414E-01  2.9414E-01  2.9414E-01  2.9414E-01  2.9414E-01  2.9414E-01  2.9414E-01  2.9414E-01  2.9414E-01  2.9414E-01  2.9414E-01  2.9414E-01  2.9414E-01  2.9414E-01  2.9414E-01  2.9414E-01  2.9414E-01  2.9414E-01  2.9414E-01   6
6375226   6  2.9414E-01  2.9414E-01  2.9414E-01  2.9414E-01  2.9414E-01  2.9414E-01  2.9414E-01  2.9414E-01  2.9414E-01  2.9414E-01  2.9414E-01  2.9414E-01  2.9414E-01  2.9414E-01  2.9414E-01  2.9414E-01  2.9414E-01  2.9414E-01  2.9414E-01  2.9414E-01  2.9414E-01  2.9414E-01  2.9414E-01  2.9414E-01   7
6375229   2  2.9414E-01  2.9414E-01  2.9414E-01  2.9414E-01  2.9414E-01  2.9414E-01  2.9414E-01  2.9414E-01  2.9414E-01  2.9414E-01  2.9414E-01  2.9414E-01  2.9414E-01  2.9414E-01  2.9414E-01  2.9414E-01  2.9414E-01  2.9414E-01  2.9414E-01  2.9414E-01  2.9414E-01  2.9414E-01  2.9414E-01  2.9414E-01   3
6372058   2  2.9414E-01  2.9414E-01  2.9414E-01  2.9414E-01  2.9414E-01  2.9414E-01  2.9414E-01  2.9414E-01  2.9414E-01  2.9414E-01  2.9414E-01  2.9414E-01  2.9414E-01  2.9414E-01  2.9414E-01  2.9414E-01  2.9414E-01  2.9414E-01  2.9414E-01  2.9414E-01  2.9414E-01  2.9414E-01  2.9414E-01  2.9414E-01   3
6372061   3  2.9414E-01  2.9414E-01  2.9414E-01  2.9414E-01  2.9414E-01  2.9414E-01  2.9414E-01  2.9414E-01  2.9414E-01  2.9414E-01  2.9414E-01  2.9414E-01  2.9414E-01  2.9414E-01  2.9414E-01  2.9414E-01  2.9414E-01  2.9414E-01  2.9414E-01  2.9414E-01  2.9414E-01  2.9414E-01  2.9414E-01  2.9414E-01   4
6368887   3  2.9414E-01  2.9414E-01  2.9414E-01  2.9414E-01  2.9414E-01  2.9414E-01  2.9414E-01  2.9414E-01  2.9414E-01  2.9414E-01  2.9414E-01  2.9414E-01  2.9414E-01  2.9414E-01  2.9414E-01  2.9414E-01  2.9414E-01  2.9414E-01  2.9414E-01  2.9414E-01  2.9414E-01  2.9414E-01  2.9414E-01  2.9414E-01   4
6368890   3  2.9414E-01  2.9414E-01  2.9414E-01  2.9414E-01  2.9414E-01  2.9414E-01  2.9414E-01  2.9414E-01  2.9414E-01  2.9414E-01  2.9414E-01  2.9414E-01  2.9414E-01  2.9414E-01  2.9414E-01  2.9414E-01  2.9414E-01  2.9414E-01  2.9414E-01  2.9414E-01  2.9414E-01  2.9414E-01  2.9414E-01  2.9414E-01   4
6387938   4  2.9414E-01  2.9414E-01  2.9414E-01  2.9414E-01  2.9414E-01  2.9414E-01  2.9414E-01  2.9414E-01  2.9414E-01  2.9414E-01  2.9414E-01  2.9414E-01  2.9414E-01  2.9414E-01  2.9414E-01  2.9414E-01  2.9414E-01  2.9414E-01  2.9414E-01  2.9414E-01  2.9414E-01  2.9414E-01  2.9414E-01  2.9414E-01   5
6387942   6  2.9414E-01  2.9414E-01  2.9414E-01  2.9414E-01  2.9414E-01  2.9414E-01  2.9414E-01  2.9414E-01  2.9414E-01  2.9414E-01  2.9414E-01  2.9414E-01  2.9414E-01  2.9414E-01  2.9414E-01  2.9414E-01  2.9414E-01  2.9414E-01  2.9414E-01  2.9414E-01  2.9414E-01  2.9414E-01  2.9414E-01  2.9414E-01   7
6387945   6  2.4931E-01  2.4931E-01  2.4931E-01  2.4931E-01  2.4931E-01  2.4931E-01  2.4931E-01  2.4931E-01  2.4931E-01  2.4931E-01  2.4931E-01  2.4931E-01  2.4931E-01  2.4931E-01  2.4931E-01  2.4931E-01  2.4931E-01  2.4931E-01  2.4931E-01  2.4931E-01  2.4931E-01  2.4931E-01  2.4931E-01  2.4931E-01   7
6384770   5  2.4931E-01  2.4931E-01  2.4931E-01  2.4931E-01  2.4931E-01  2.4931E-01  2.4931E-01  2.4931E-01  2.4931E-01  2.4931E-01  2.4931E-01  2.4931E-01  2.4931E-01  2.4931E-01  2.4931E-01  2.4931E-01  2.4931E-01  2.4931E-01  2.4931E-01  2.4931E-01  2.4931E-01  2.4931E-01  2.4931E-01  2.4931E-01   6
6413363   5  8.4782E+00  8.4782E+00  8.4782E+00  8.4782E+00  8.4782E+00  8.4782E+00  8.4782E+00  8.4782E+00  8.4782E+00  8.4782E+00  8.4782E+00  8.4782E+00  8.4782E+00  8.4782E+00  8.4782E+00  8.4782E+00  8.4782E+00  8.4782E+00  8.4782E+00  8.4782E+00  8.4782E+00  8.4782E+00  8.4782E+00  8.4782E+00   6
6426075   5  8.4782E+00  8.4782E+00  8.4782E+00  8.4782E+00  8.4782E+00  8.4782E+00  8.4782E+00  8.4782E+00  8.4782E+00  8.4782E+00  8.4782E+00  8.4782E+00  8.4782E+00  8.4782E+00  8.4782E+00  8.4782E+00  8.4782E+00  8.4782E+00  8.4782E+00  8.4782E+00  8.4782E+00  8.4782E+00  8.4782E+00  8.4782E+00   6
6426079   2  8.4782E+00  8.4782E+00  8.4782E+00  8.4782E+00  8.4782E+00  8.4782E+00  8.4782E+00  8.4782E+00  8.4782E+00  8.4782E+00  8.4782E+00  8.4782E+00  8.4782E+00  8.4782E+00  8.4782E+00  8.4782E+00  8.4782E+00  8.4782E+00  8.4782E+00  8.4782E+00  8.4782E+00  8.4782E+00  8.4782E+00  8.4782E+00   3
6426082   2  8.4782E+00  8.4782E+00  8.4782E+00  8.4782E+00  8.4782E+00  8.4782E+00  8.4782E+00  8.4782E+00  8.4782E+00  8.4782E+00  8.4782E+00  8.4782E+00  8.4782E+00  8.4782E+00  8.4782E+00  8.4782E+00  8.4782E+00  8.4782E+00  8.4782E+00  8.4782E+00  8.4782E+00  8.4782E+00  8.4782E+00  8.4782E+00   3
6441963   2  2.6924E+01  2.6924E+01  2.6924E+01  2.6924E+01  2.6924E+01  2.6924E+01  2.6924E+01  2.6924E+01  2.6924E+01  2.6924E+01  2.6924E+01  2.6924E+01  2.6924E+01  2.6924E+01  2.6924E+01  2.6924E+01  2.6924E+01  2.6924E+01  2.6924E+01  2.6924E+01  2.6924E+01  2.6924E+01  2.6924E+01  2.6924E+01   3
6438788   2  1.0716E+01  1.0716E+01  1.0716E+01  1.0716E+01  1.0716E+01  1.0716E+01  1.0716E+01  1.0716E+01  1.0716E+01  1.0716E+01  1.0716E+01  1.0716E+01  1.0716E+01  1.0716E+01  1.0716E+01  1.0716E+01  1.0716E+01  1.0716E+01  1.0716E+01  1.0716E+01  1.0716E+01  1.0716E+01  1.0716E+01  1.0716E+01   3
6438791   2  1.9194E+01  1.9194E+01  1.9194E+01  1.9194E+01  1.9194E+01  1.9194E+01  1.9194E+01  1.9194E+01  1.9194E+01  1.9194E+01  1.9194E+01  1.9194E+01  1.9194E+01  1.9194E+01  1.9194E+01  1.9194E+01  1.9194E+01  1.9194E+01  1.9194E+01  1.9194E+01  1.9194E+01  1.9194E+01  1.9194E+01  1.9194E+01   3
6435620   2  8.4782E+00  8.4782E+00  8.4782E+00  8.4782E+00  8.4782E+00  8.4782E+00  8.4782E+00  8.4782E+00  8.4782E+00  8.4782E+00  8.4782E+00  8.4782E+00  8.4782E+00  8.4782E+00  8.4782E+00  8.4782E+00  8.4782E+00  8.4782E+00  8.4782E+00  8.4782E+00  8.4782E+00  8.4782E+00  8.4782E+00  8.4782E+00   3
6448329   2  1.0716E+01  1.0716E+01  1.0716E+01  1.0716E+01  1.0716E+01  1.0716E+01  1.0716E+01  1.0716E+01  1.0716E+01  1.0716E+01  1.0716E+01  1.0716E+01  1.0716E+01  1.0716E+01  1.0716E+01  1.0716E+01  1.0716E+01  1.0716E+01  1.0716E+01  1.0716E+01  1.0716E+01  1.0716E+01  1.0716E+01  1.0716E+01   3
